1.7414724189043045, 0.7222222222222222, 0.73
0.4994450408220291, 0.7744444444444445, 0.77
0.48694671750068663, 0.7044444444444444, 0.74
0.5076890444755554, 0.7855555555555556, 0.75
0.4153858816623688, 0.7822222222222223, 0.77
0.4111578607559204, 0.7988888888888889, 0.74
0.392914200425148, 0.8133333333333334, 0.74
0.3657961273193359, 0.8388888888888889, 0.75
0.413463864326477, 0.7855555555555556, 0.78
0.39567589104175566, 0.8144444444444444, 0.75
0.4094611436128616, 0.7977777777777778, 0.74
0.3781892567873001, 0.8166666666666667, 0.73
0.3823584794998169, 0.84, 0.74
0.3301737552881241, 0.8488888888888889, 0.69
0.3072143012285233, 0.8455555555555555, 0.76
0.29267974734306335, 0.8466666666666667, 0.72
0.32259243696928025, 0.8611111111111112, 0.72
0.30876201152801513, 0.8444444444444444, 0.71
0.30238818764686587, 0.8788888888888889, 0.72
0.280641088783741, 0.8766666666666667, 0.68
0.2906248378753662, 0.8577777777777778, 0.71
0.309864382147789, 0.8877777777777778, 0.73
0.2936555334925652, 0.8755555555555555, 0.72
0.2699596759676933, 0.8755555555555555, 0.7
0.25728620260953905, 0.8866666666666667, 0.7
0.2555204516649246, 0.8977777777777778, 0.69
0.24205511152744294, 0.89, 0.67
0.2430618190765381, 0.8966666666666666, 0.73
0.25741424918174743, 0.8844444444444445, 0.72
1.1827149826288224, 0.8177777777777778, 0.7
0.5807208067178726, 0.8077777777777778, 0.74
0.33848881781101225, 0.8577777777777778, 0.7
0.30213920593261717, 0.8855555555555555, 0.72
0.2993136066198349, 0.8822222222222222, 0.76
0.2964063489437103, 0.8811111111111111, 0.72
0.2751136764883995, 0.8944444444444445, 0.71
0.25364123702049257, 0.8866666666666667, 0.72
0.23942498564720155, 0.8766666666666667, 0.7
0.24494389146566392, 0.89, 0.67
0.21939563065767287, 0.9077777777777778, 0.67
0.2233032339811325, 0.9044444444444445, 0.7
0.23125866144895554, 0.9022222222222223, 0.72
0.24853878170251847, 0.8888888888888888, 0.69
0.21893104344606398, 0.9077777777777778, 0.75
0.20801499202847482, 0.9155555555555556, 0.72
0.2136454090476036, 0.9088888888888889, 0.72
0.20144726902246476, 0.91, 0.71
0.2105066990852356, 0.9233333333333333, 0.71
0.20082456350326539, 0.9155555555555556, 0.72
0.18441954508423805, 0.93, 0.73
0.1777592784166336, 0.9277777777777778, 0.7
0.17176484644412995, 0.9311111111111111, 0.73
0.17256933256983756, 0.9322222222222222, 0.7
0.17017349675297738, 0.9311111111111111, 0.71
0.16367237731814385, 0.9366666666666666, 0.71
0.16635997951030732, 0.9366666666666666, 0.71
0.16021775543689729, 0.9355555555555556, 0.71
0.16956793040037155, 0.9344444444444444, 0.71
0.17904490411281584, 0.9344444444444444, 0.72
0.16548423528671263, 0.9355555555555556, 0.7
0.1568633309006691, 0.9311111111111111, 0.68
0.1603444269299507, 0.94, 0.68
0.165169590562582, 0.9377777777777778, 0.71
0.1749707740545273, 0.9422222222222222, 0.67
0.1586003203690052, 0.94, 0.7
0.16076369389891623, 0.94, 0.67
0.15732138395309447, 0.9355555555555556, 0.69
0.14833488091826438, 0.9322222222222222, 0.73
0.145846027135849, 0.9355555555555556, 0.72
0.14158347204327584, 0.9366666666666666, 0.68
0.16395321294665335, 0.9344444444444444, 0.7
0.16162706524133683, 0.9344444444444444, 0.64
0.16125474974513054, 0.9377777777777778, 0.74
0.16038060382008554, 0.94, 0.7
0.16145863249897957, 0.9411111111111111, 0.7
0.144365054666996, 0.9355555555555556, 0.7
0.15386441498994827, 0.9366666666666666, 0.69
0.14121074587106705, 0.9377777777777778, 0.72
0.1739912223815918, 0.9388888888888889, 0.72
0.1454783496260643, 0.9455555555555556, 0.71
0.13885934114456178, 0.9422222222222222, 0.71
0.15881342753767969, 0.9411111111111111, 0.69
0.14669456988573074, 0.9433333333333334, 0.73
0.13859624773263932, 0.94, 0.7
0.13213173627853395, 0.9444444444444444, 0.69
0.14214701637625693, 0.9411111111111111, 0.69
0.14851344808936118, 0.9333333333333333, 0.7
0.15333734840154647, 0.9422222222222222, 0.7
0.13077971696853638, 0.9444444444444444, 0.68
0.1530480518937111, 0.9411111111111111, 0.68
0.14399058997631073, 0.94, 0.69
0.13992489129304886, 0.9422222222222222, 0.67
0.24653470024466514, 0.8044444444444444, 0.72
0.6229527470469475, 0.88, 0.71
0.4358753794431686, 0.9066666666666666, 0.71
0.2586529691517353, 0.9255555555555556, 0.69
0.21597343876957895, 0.9277777777777778, 0.69
0.18423810333013535, 0.9366666666666666, 0.71
0.1717720115184784, 0.9311111111111111, 0.7
0.15786735892295836, 0.9411111111111111, 0.71
0.14543068274855614, 0.9388888888888889, 0.7
0.15941773727536201, 0.94, 0.68
0.14234595701098443, 0.9377777777777778, 0.7
0.15472314193844794, 0.9433333333333334, 0.67
0.1462084658443928, 0.9411111111111111, 0.67
0.19860754892230034, 0.9411111111111111, 0.68
0.14340047508478165, 0.94, 0.65
0.14607968792319298, 0.9444444444444444, 0.7
0.14359695002436637, 0.9422222222222222, 0.7
0.13561251774430275, 0.9455555555555556, 0.7
0.13694122284650803, 0.9477777777777778, 0.7
0.13842885375022887, 0.9422222222222222, 0.71
0.13320502772927284, 0.9477777777777778, 0.7
0.1357421262562275, 0.9422222222222222, 0.67
0.13061902806162834, 0.9477777777777778, 0.7
0.1423676896095276, 0.9466666666666667, 0.71
0.127093605697155, 0.9488888888888889, 0.68
0.1277843588590622, 0.9455555555555556, 0.71
0.12989945456385613, 0.9466666666666667, 0.68
0.12463868096470833, 0.9466666666666667, 0.69
0.12661858022212982, 0.9466666666666667, 0.72
0.1310881307721138, 0.9455555555555556, 0.69
0.13157278910279274, 0.9433333333333334, 0.68
0.13100773081183434, 0.9388888888888889, 0.69
0.130812646150589, 0.9455555555555556, 0.68
0.12811318457126616, 0.9477777777777778, 0.68
0.12646492764353753, 0.9466666666666667, 0.7
0.1258549013733864, 0.9411111111111111, 0.7
0.12865857824683188, 0.9477777777777778, 0.69
0.13264063522219657, 0.95, 0.68
0.11957584530115127, 0.9488888888888889, 0.66
0.1228801016509533, 0.9433333333333334, 0.68
0.11872984558343887, 0.9466666666666667, 0.7
0.117299430295825, 0.9477777777777778, 0.7
0.1320035533607006, 0.94, 0.66
0.12576506286859512, 0.9477777777777778, 0.67
0.12806907065212728, 0.9466666666666667, 0.7
0.1280818209052086, 0.9455555555555556, 0.68
0.12845491632819175, 0.9477777777777778, 0.67
0.12676580145955085, 0.9433333333333334, 0.68
0.12862241342663766, 0.9455555555555556, 0.68
0.11416507840156555, 0.9477777777777778, 0.68
0.1156542395055294, 0.9455555555555556, 0.66
0.1355928635597229, 0.9422222222222222, 0.69
0.11887031748890876, 0.9444444444444444, 0.69
0.12716968208551407, 0.9488888888888889, 0.66
0.12553061060607434, 0.95, 0.69
0.12102585181593895, 0.9466666666666667, 0.71
0.11967936664819717, 0.9477777777777778, 0.7
0.1134107118844986, 0.9488888888888889, 0.69
0.11652292594313622, 0.9488888888888889, 0.7
0.1080208633095026, 0.9477777777777778, 0.69
0.11986234992742538, 0.9477777777777778, 0.7
0.11101119332015515, 0.9477777777777778, 0.68
0.11492858849465847, 0.9477777777777778, 0.69
0.11422224149107933, 0.9477777777777778, 0.68
0.11283684335649014, 0.9477777777777778, 0.69
0.11000852324068547, 0.9477777777777778, 0.65
0.11289038501679897, 0.9488888888888889, 0.69
0.11522268027067184, 0.9488888888888889, 0.71
0.11870778694748879, 0.9477777777777778, 0.7
0.11151291109621525, 0.9477777777777778, 0.65
0.11427812568843365, 0.9466666666666667, 0.67
0.11518072441220284, 0.9488888888888889, 0.65
0.11253693476319312, 0.9488888888888889, 0.68
0.11773525051772595, 0.9466666666666667, 0.72
0.11539593003690243, 0.9455555555555556, 0.7
0.1200124217569828, 0.9477777777777778, 0.67
0.10407332271337509, 0.9477777777777778, 0.7
0.10393732994794845, 0.95, 0.68
0.10990150466561317, 0.9455555555555556, 0.69
0.11257194243371486, 0.95, 0.71
0.1117976227402687, 0.9488888888888889, 0.7
0.10586132168769836, 0.9466666666666667, 0.69
0.11876715265214444, 0.9455555555555556, 0.7
0.1145593923330307, 0.9477777777777778, 0.69
0.11002969317138195, 0.9488888888888889, 0.68
0.11139013692736625, 0.95, 0.7
0.108741892054677, 0.9477777777777778, 0.67
0.1086598190665245, 0.9488888888888889, 0.72
0.11508602626621724, 0.9477777777777778, 0.69
0.11300712689757347, 0.9477777777777778, 0.67
0.11414640098810196, 0.9511111111111111, 0.68
0.11204982407391072, 0.9477777777777778, 0.67
0.11236839592456818, 0.95, 0.68
0.11293289572000503, 0.9511111111111111, 0.68
0.11063822895288468, 0.95, 0.68
0.10229895189404488, 0.9477777777777778, 0.69
0.11319329470396042, 0.9488888888888889, 0.67
0.11403125569224358, 0.9488888888888889, 0.67
0.11555866822600365, 0.9477777777777778, 0.68
0.10978362537920475, 0.9488888888888889, 0.69
0.108050377368927, 0.9477777777777778, 0.65
0.10631645105779171, 0.9477777777777778, 0.69
0.11270531587302685, 0.9488888888888889, 0.66
0.11277330562472343, 0.9488888888888889, 0.7
0.12124360620975494, 0.9488888888888889, 0.67
0.1004289036244154, 0.9488888888888889, 0.67
0.1095051621645689, 0.9466666666666667, 0.68
0.10545364908874034, 0.9477777777777778, 0.69
0.10647030271589757, 0.9511111111111111, 0.67
0.10340682111680508, 0.9488888888888889, 0.67
0.1099390809237957, 0.9488888888888889, 0.69
0.1041998490691185, 0.9477777777777778, 0.67
0.10402052223682404, 0.95, 0.67
0.09998137205839157, 0.95, 0.68
0.1109716235101223, 0.9477777777777778, 0.66
0.11171648651361465, 0.9488888888888889, 0.68
0.10627165764570236, 0.9488888888888889, 0.67
0.09981513492763043, 0.9511111111111111, 0.68
0.09713568337261677, 0.95, 0.69
0.10447217404842377, 0.9466666666666667, 0.68
0.1028444803506136, 0.95, 0.67
0.10622315876185894, 0.95, 0.69
0.11205516546964646, 0.9477777777777778, 0.68
0.10213615238666535, 0.9477777777777778, 0.68
0.10056585684418679, 0.9488888888888889, 0.68
0.10579210609197616, 0.9488888888888889, 0.68
0.10769535265862942, 0.9488888888888889, 0.7
0.10838532745838166, 0.9511111111111111, 0.67
0.09858410239219666, 0.9488888888888889, 0.67
0.10061856083571911, 0.9488888888888889, 0.68
0.10309962876141071, 0.9511111111111111, 0.7
0.09748547524213791, 0.95, 0.68
0.11287986606359482, 0.9488888888888889, 0.69
0.10525859974324703, 0.95, 0.68
0.09390574216842651, 0.9511111111111111, 0.7
0.11332890257239342, 0.9511111111111111, 0.69
0.10270089574158192, 0.9522222222222222, 0.7
0.10774484746158124, 0.9488888888888889, 0.68
0.10545362286269665, 0.9511111111111111, 0.69
0.10049930028617382, 0.9488888888888889, 0.71
0.10049763545393944, 0.95, 0.68
0.10436987206339836, 0.95, 0.7
0.1033500723540783, 0.95, 0.67
0.10640375033020973, 0.9522222222222222, 0.7
0.10006975814700127, 0.9477777777777778, 0.67
0.10375065341591835, 0.9511111111111111, 0.68
0.10711290031671523, 0.9511111111111111, 0.67
0.10445622190833091, 0.9511111111111111, 0.7
0.11883632004261017, 0.95, 0.7
0.10020813822746277, 0.95, 0.68
0.10153405092656613, 0.95, 0.69
0.1033760167658329, 0.9511111111111111, 0.7
0.10818344630300998, 0.9511111111111111, 0.69
0.11178406938910485, 0.95, 0.71
0.10777519956231117, 0.9488888888888889, 0.68
0.10497833661735058, 0.95, 0.7
0.09763783439993859, 0.95, 0.68
0.10470877587795258, 0.9511111111111111, 0.67
0.09651469312608242, 0.9522222222222222, 0.67
0.10324474990367889, 0.9511111111111111, 0.68
0.10282553583383561, 0.95, 0.68
0.0983401147276163, 0.95, 0.68
0.1004627624154091, 0.95, 0.68
0.10331573560833932, 0.9511111111111111, 0.71
0.10154727518558503, 0.9488888888888889, 0.68
0.10312855437397957, 0.9488888888888889, 0.67
0.10353196404874325, 0.9511111111111111, 0.69
0.0965068881958723, 0.95, 0.7
0.10185717314481735, 0.9511111111111111, 0.68
0.0968513310700655, 0.95, 0.67
0.10160737700760364, 0.95, 0.69
0.0981508257240057, 0.9511111111111111, 0.68
0.09871898055076599, 0.9488888888888889, 0.69
0.094759521484375, 0.9477777777777778, 0.69
0.10400560326874256, 0.95, 0.69
0.09955266080796718, 0.95, 0.68
0.09626353040337562, 0.9488888888888889, 0.68
0.10065783046185971, 0.95, 0.67
0.10848531737923622, 0.9511111111111111, 0.67
0.09738550789654254, 0.9522222222222222, 0.67
0.09889747433364392, 0.95, 0.68
0.10374635338783264, 0.9511111111111111, 0.67
0.10305606976151466, 0.9511111111111111, 0.68
0.09421593405306339, 0.95, 0.68
0.1059975092858076, 0.9511111111111111, 0.66
0.1023052455484867, 0.95, 0.68
0.10137752383947372, 0.9511111111111111, 0.67
0.10005589939653874, 0.9511111111111111, 0.67
0.09803576320409775, 0.9522222222222222, 0.68
0.09960301853716373, 0.9511111111111111, 0.7
0.09922051697969436, 0.9511111111111111, 0.68
0.10503298781812191, 0.9522222222222222, 0.67
0.09888951025903225, 0.9511111111111111, 0.68
0.10480975560843944, 0.9511111111111111, 0.68
0.09800566621124744, 0.9488888888888889, 0.69
0.10344618208706378, 0.9533333333333334, 0.68
0.09535645939409733, 0.9522222222222222, 0.7
0.10302366979420186, 0.9511111111111111, 0.67
0.09916543260216713, 0.9511111111111111, 0.68
0.09871969729661942, 0.9511111111111111, 0.69
0.09148941524326801, 0.9533333333333334, 0.67
0.1099560484290123, 0.9522222222222222, 0.67
0.09867816381156444, 0.9511111111111111, 0.69
0.09757299534976482, 0.9522222222222222, 0.68
0.09495786666870117, 0.95, 0.67
0.10126589566469192, 0.9533333333333334, 0.68
0.09725946545600891, 0.9522222222222222, 0.69
0.10118259198963642, 0.9511111111111111, 0.69
0.10035755589604378, 0.9533333333333334, 0.68
0.0980982355773449, 0.9522222222222222, 0.67
0.10129001006484031, 0.9522222222222222, 0.69
0.0960688766092062, 0.9522222222222222, 0.68
0.1012153360247612, 0.9522222222222222, 0.69
0.09785093098878861, 0.9522222222222222, 0.67
0.1026281651109457, 0.9533333333333334, 0.68
0.0982897686958313, 0.9522222222222222, 0.69
0.09796296879649162, 0.9522222222222222, 0.67
0.10221658676862716, 0.9533333333333334, 0.69
0.10129149556159973, 0.9522222222222222, 0.69
0.09500820741057396, 0.9533333333333334, 0.67
0.09696162790060044, 0.9533333333333334, 0.69
0.09753270603716374, 0.9533333333333334, 0.71
0.09034097105264664, 0.9533333333333334, 0.69
0.10128138102591037, 0.9522222222222222, 0.69
0.09586402006447316, 0.9522222222222222, 0.67
0.09756407640874386, 0.9533333333333334, 0.69
0.09823838546872139, 0.9533333333333334, 0.69
0.09855329349637032, 0.9511111111111111, 0.68
0.09496534414589405, 0.9533333333333334, 0.67
0.0981149335205555, 0.9522222222222222, 0.68
0.09421314731240273, 0.9533333333333334, 0.67
0.10056732915341854, 0.9522222222222222, 0.67
0.10015587866306305, 0.9522222222222222, 0.67
0.09552498660981655, 0.9511111111111111, 0.68
0.09615363329648971, 0.9522222222222222, 0.67
0.0950625964999199, 0.9533333333333334, 0.67
0.09633477419614792, 0.9533333333333334, 0.67
0.10038932330906392, 0.9522222222222222, 0.67
0.09561014212667943, 0.9533333333333334, 0.69
0.09258959874510765, 0.9522222222222222, 0.68
0.09618886984884739, 0.9533333333333334, 0.68
0.09798327803611756, 0.9522222222222222, 0.68
0.09248021803796291, 0.9522222222222222, 0.67
0.09955476149916649, 0.9522222222222222, 0.68
0.09856077827513218, 0.9522222222222222, 0.66
0.09921512708067894, 0.9533333333333334, 0.67
0.09676641657948494, 0.9522222222222222, 0.68
0.10260329231619834, 0.9522222222222222, 0.66
0.10388901390135288, 0.9522222222222222, 0.67
0.10075200699269772, 0.9511111111111111, 0.66
0.09674349077045917, 0.9533333333333334, 0.66
0.09692095197737217, 0.9522222222222222, 0.67
0.10357852563261986, 0.9533333333333334, 0.67
0.1045750568807125, 0.9522222222222222, 0.67
0.09611844532191753, 0.9533333333333334, 0.68
0.097004938647151, 0.9533333333333334, 0.69
0.0970115165412426, 0.9533333333333334, 0.68
0.10219162315130234, 0.9533333333333334, 0.68
