3.752959644794464, 0.7433333333333333, 0.74
1.7475191003084183, 0.7233333333333334, 0.73
1.1680851221084594, 0.6466666666666666, 0.67
0.9976645261049271, 0.7166666666666667, 0.68
0.6286848255991936, 0.7044444444444444, 0.74
1.2563675451278686, 0.7411111111111112, 0.74
0.9200862234830857, 0.7155555555555555, 0.72
0.6787361013889313, 0.7122222222222222, 0.73
0.566916286945343, 0.7511111111111111, 0.77
0.6076402461528778, 0.7088888888888889, 0.72
0.6493941417336464, 0.6911111111111111, 0.73
0.682068088054657, 0.7533333333333333, 0.76
0.6255587440729141, 0.7322222222222222, 0.71
0.8287097716331482, 0.7466666666666667, 0.76
0.576411327123642, 0.7344444444444445, 0.73
0.4744203007221222, 0.7688888888888888, 0.74
0.4896123719215393, 0.7722222222222223, 0.78
0.4769958388805389, 0.7566666666666667, 0.75
0.4896798491477966, 0.7466666666666667, 0.74
0.449187348484993, 0.7855555555555556, 0.76
0.47476845264434814, 0.7644444444444445, 0.76
0.48925315886735915, 0.7655555555555555, 0.74
0.4399924710392952, 0.7811111111111111, 0.77
0.44671532094478605, 0.7866666666666666, 0.73
0.4493073290586472, 0.7788888888888889, 0.73
0.43096533715724944, 0.7688888888888888, 0.75
0.4442368119955063, 0.7811111111111111, 0.72
0.5827599364519119, 0.7544444444444445, 0.72
0.40950234681367875, 0.77, 0.72
0.4680981403589249, 0.7666666666666667, 0.73
0.4324375206232071, 0.7866666666666666, 0.75
0.39159972488880157, 0.78, 0.74
0.4492606467008591, 0.7922222222222223, 0.77
0.4152033942937851, 0.7977777777777778, 0.75
0.4437630671262741, 0.7966666666666666, 0.76
0.4056687790155411, 0.8111111111111111, 0.73
0.41604997992515563, 0.8155555555555556, 0.7
0.3650700092315674, 0.7988888888888889, 0.77
0.5116652777791023, 0.7833333333333333, 0.71
0.5153144973516465, 0.7655555555555555, 0.71
0.5500916284322739, 0.7777777777777778, 0.73
0.44670863956212997, 0.7988888888888889, 0.77
0.4463886243104935, 0.8077777777777778, 0.73
0.39835544884204865, 0.7911111111111111, 0.74
0.3988811045885086, 0.8066666666666666, 0.73
0.4553472822904587, 0.81, 0.71
0.41771831959486005, 0.8166666666666667, 0.72
0.3767235282063484, 0.7933333333333333, 0.77
0.36309386491775514, 0.8055555555555556, 0.71
0.3762642359733582, 0.8244444444444444, 0.73
0.37722593158483503, 0.8144444444444444, 0.73
0.3603394350409508, 0.8288888888888889, 0.72
0.33530385822057723, 0.8288888888888889, 0.74
0.33072524577379225, 0.8355555555555556, 0.75
0.35557098835706713, 0.8377777777777777, 0.73
0.3618485948443413, 0.8366666666666667, 0.75
0.35195127815008165, 0.8222222222222222, 0.75
0.35054911822080614, 0.8111111111111111, 0.72
0.4182379281520843, 0.8266666666666667, 0.77
0.3893803721666336, 0.8377777777777777, 0.72
0.33731251090765, 0.8333333333333334, 0.71
0.32347378253936765, 0.8377777777777777, 0.76
0.33299211770296094, 0.8355555555555556, 0.75
0.3563810247182846, 0.8333333333333334, 0.75
0.3523236820101738, 0.8444444444444444, 0.72
0.3363873291015625, 0.8422222222222222, 0.74
0.35585963398218157, 0.84, 0.73
0.3347226530313492, 0.85, 0.74
0.33820162832736966, 0.8377777777777777, 0.77
0.3336498957872391, 0.8355555555555556, 0.73
0.35108598053455353, 0.8344444444444444, 0.72
0.33137349218130113, 0.8488888888888889, 0.74
0.3515831431746483, 0.84, 0.73
0.35670764863491056, 0.8511111111111112, 0.73
0.33894284814596176, 0.8611111111111112, 0.74
0.33748224049806597, 0.8466666666666667, 0.73
0.3315139186382294, 0.8533333333333334, 0.72
0.33365365117788315, 0.8466666666666667, 0.74
0.30787502259016036, 0.8511111111111112, 0.75
0.30020725101232526, 0.8544444444444445, 0.75
0.31539641857147216, 0.8577777777777778, 0.73
0.3171882703900337, 0.86, 0.72
0.3241607172787189, 0.8611111111111112, 0.76
0.3218652531504631, 0.8577777777777778, 0.74
0.3152612918615341, 0.8555555555555555, 0.71
0.294902460873127, 0.8511111111111112, 0.75
0.30393401235342027, 0.8588888888888889, 0.72
0.31532099813222886, 0.8677777777777778, 0.72
0.2963614723086357, 0.8655555555555555, 0.75
0.31473395496606826, 0.8677777777777778, 0.76
0.29658398032188416, 0.8588888888888889, 0.76
0.31382658272981645, 0.8666666666666667, 0.77
0.2794469460844994, 0.8666666666666667, 0.76
0.3011022618412971, 0.87, 0.73
0.31393603891134264, 0.8766666666666667, 0.72
0.298658507168293, 0.8766666666666667, 0.72
0.32591125160455703, 0.8622222222222222, 0.74
0.29076160460710526, 0.8744444444444445, 0.72
0.28912587463855743, 0.8666666666666667, 0.76
0.2895786914229393, 0.8677777777777778, 0.72
0.2673768100142479, 0.8777777777777778, 0.74
0.26173689126968386, 0.8633333333333333, 0.75
0.2706087350845337, 0.88, 0.71
0.2851653347909451, 0.8844444444444445, 0.73
0.27124137252569197, 0.8744444444444445, 0.74
0.2913209313154221, 0.8733333333333333, 0.7
0.24608908966183662, 0.8955555555555555, 0.7
0.2458758008480072, 0.8755555555555555, 0.75
0.28497963309288027, 0.8777777777777778, 0.74
0.28150207877159117, 0.88, 0.73
0.2645417860150337, 0.8833333333333333, 0.74
0.2655001690983772, 0.8888888888888888, 0.71
0.28945639804005624, 0.8755555555555555, 0.73
0.2718904687464237, 0.8811111111111111, 0.74
0.2542193529009819, 0.89, 0.73
0.2837296737730503, 0.8855555555555555, 0.71
0.28193443417549136, 0.8866666666666667, 0.73
0.2818698914349079, 0.8877777777777778, 0.71
0.26478017926216124, 0.8755555555555555, 0.76
0.2581863367557526, 0.8955555555555555, 0.72
0.26449944466352465, 0.8833333333333333, 0.72
0.2805396223068237, 0.9, 0.7
0.26967829436063767, 0.8977777777777778, 0.72
0.2631106746196747, 0.8833333333333333, 0.76
0.27652175530791284, 0.8911111111111111, 0.74
0.26215705648064613, 0.8855555555555555, 0.74
0.257885270267725, 0.88, 0.74
0.25470841258764265, 0.8955555555555555, 0.71
0.26637266218662264, 0.8844444444444445, 0.71
0.26704811498522757, 0.8844444444444445, 0.72
0.265486569404602, 0.8955555555555555, 0.69
0.26733524963259697, 0.8966666666666666, 0.73
0.25541108012199404, 0.8933333333333333, 0.72
0.25602396175265313, 0.8855555555555555, 0.74
0.24223502963781357, 0.8888888888888888, 0.74
0.2686131232976913, 0.8955555555555555, 0.73
0.25513133108615876, 0.9044444444444445, 0.7
0.24632724955677987, 0.9, 0.72
0.25836810141801836, 0.9055555555555556, 0.71
0.25453166261315346, 0.8977777777777778, 0.7
0.25539448961615563, 0.8933333333333333, 0.73
0.24028925448656083, 0.8966666666666666, 0.7
0.24401379391551017, 0.9011111111111111, 0.71
0.24420355275273323, 0.8933333333333333, 0.7
0.23678673356771468, 0.8866666666666667, 0.73
0.2502471700310707, 0.9, 0.7
0.24076453506946563, 0.91, 0.72
0.22259876772761344, 0.8966666666666666, 0.71
0.23563065618276596, 0.9077777777777778, 0.72
0.23514978617429733, 0.9077777777777778, 0.7
0.22423368468880653, 0.9077777777777778, 0.71
0.2154317630827427, 0.91, 0.71
0.2624414351582527, 0.9022222222222223, 0.71
0.2312947641313076, 0.9055555555555556, 0.7
0.22905540749430656, 0.9111111111111111, 0.7
0.24495347902178766, 0.9066666666666666, 0.7
0.22774193406105042, 0.9111111111111111, 0.7
0.22578090727329253, 0.91, 0.71
0.2259775933623314, 0.8977777777777778, 0.7
0.21930115550756454, 0.91, 0.72
0.21383801430463792, 0.9122222222222223, 0.7
0.22055628925561904, 0.9055555555555556, 0.68
0.22673225805163383, 0.91, 0.72
0.23106198325753213, 0.9133333333333333, 0.69
0.2188293443620205, 0.9133333333333333, 0.69
0.23494174286723138, 0.9111111111111111, 0.69
0.21768203884363174, 0.9111111111111111, 0.7
0.22904009014368057, 0.9122222222222223, 0.69
0.2117271003127098, 0.9111111111111111, 0.71
0.21766310125589372, 0.9088888888888889, 0.72
0.21872961908578872, 0.9044444444444445, 0.7
0.23774001687765123, 0.9122222222222223, 0.72
0.233731879144907, 0.9066666666666666, 0.72
0.2220328852534294, 0.9122222222222223, 0.71
0.22923673316836357, 0.9211111111111111, 0.71
0.21378279745578765, 0.9133333333333333, 0.69
0.2252644903957844, 0.9188888888888889, 0.72
0.2228872248530388, 0.9122222222222223, 0.71
0.21394270047545433, 0.9155555555555556, 0.71
0.2278256458044052, 0.9111111111111111, 0.73
0.23050703421235086, 0.9066666666666666, 0.7
0.2125573468208313, 0.91, 0.72
0.22105835273861885, 0.9155555555555556, 0.72
0.22441205337643624, 0.9122222222222223, 0.71
0.23171375080943107, 0.9166666666666666, 0.69
0.2133021178841591, 0.9122222222222223, 0.72
0.21491587832570075, 0.9088888888888889, 0.71
0.2189169155061245, 0.9088888888888889, 0.69
0.21267599053680897, 0.9155555555555556, 0.69
0.20482709005475044, 0.9177777777777778, 0.7
0.22523655042052268, 0.9166666666666666, 0.69
0.18925740227103233, 0.9055555555555556, 0.69
0.20665713295340538, 0.9188888888888889, 0.69
0.22719443574547768, 0.9077777777777778, 0.71
0.20223057508468628, 0.9155555555555556, 0.67
0.21507715702056884, 0.9066666666666666, 0.68
0.23015944175422193, 0.9144444444444444, 0.71
0.20790128350257875, 0.9177777777777778, 0.67
0.19649273231625558, 0.9155555555555556, 0.7
0.20049526050686836, 0.9188888888888889, 0.69
0.2034806540608406, 0.9166666666666666, 0.69
0.22276836678385734, 0.9155555555555556, 0.71
0.19924969285726546, 0.9144444444444444, 0.71
0.2218666134774685, 0.9188888888888889, 0.69
0.2173864822089672, 0.9177777777777778, 0.7
0.18866946525871753, 0.9177777777777778, 0.7
0.2302248875796795, 0.92, 0.7
0.21281718477606773, 0.9211111111111111, 0.71
0.211458860039711, 0.9177777777777778, 0.68
0.18571322575211524, 0.9211111111111111, 0.7
0.19421227902173996, 0.92, 0.69
0.1889968252182007, 0.9222222222222223, 0.69
0.18684075981378556, 0.9233333333333333, 0.68
0.2092273347079754, 0.9177777777777778, 0.72
0.2067842647433281, 0.9188888888888889, 0.7
0.21050106540322303, 0.9211111111111111, 0.72
0.20759440690279007, 0.9211111111111111, 0.7
0.20275063306093216, 0.9233333333333333, 0.69
0.19797151178121566, 0.9222222222222223, 0.69
0.20772608645260335, 0.9222222222222223, 0.72
0.18130198523402213, 0.9288888888888889, 0.69
0.1914495360851288, 0.9255555555555556, 0.7
0.1907684749364853, 0.9244444444444444, 0.69
0.18510580413043498, 0.9255555555555556, 0.71
0.19956746459007263, 0.9244444444444444, 0.7
0.19393407449126243, 0.9255555555555556, 0.69
0.19553425759077073, 0.9277777777777778, 0.7
0.21631742939352988, 0.9255555555555556, 0.69
0.20428317695856094, 0.9244444444444444, 0.72
0.19494383975863458, 0.9277777777777778, 0.68
0.18196653366088866, 0.9266666666666666, 0.71
0.1844384953379631, 0.9244444444444444, 0.68
0.1829060533642769, 0.9266666666666666, 0.72
0.2000009958446026, 0.9244444444444444, 0.7
0.19481312572956086, 0.9222222222222223, 0.71
0.19438665837049485, 0.9266666666666666, 0.69
0.18518942698836327, 0.9244444444444444, 0.72
0.19511239014565945, 0.9244444444444444, 0.7
0.1915828149020672, 0.9222222222222223, 0.71
0.20024779953062535, 0.9266666666666666, 0.71
0.20700709506869316, 0.9255555555555556, 0.7
0.19453193619847298, 0.9211111111111111, 0.7
0.18351747557520867, 0.93, 0.69
0.1913987010717392, 0.9255555555555556, 0.69
0.20188138455152513, 0.9255555555555556, 0.71
0.19358630776405333, 0.9266666666666666, 0.68
0.20525539562106132, 0.9222222222222223, 0.7
0.20026006400585175, 0.9211111111111111, 0.71
0.18537560865283012, 0.9288888888888889, 0.68
0.19999322101473807, 0.9288888888888889, 0.68
0.16969194680452346, 0.93, 0.69
0.18749042540788652, 0.9311111111111111, 0.71
0.1935317924618721, 0.9266666666666666, 0.69
0.20189177721738816, 0.93, 0.7
0.19639724135398864, 0.9333333333333333, 0.7
0.1910604102909565, 0.93, 0.7
0.19430235236883164, 0.9322222222222222, 0.7
0.19077716946601866, 0.9255555555555556, 0.69
0.18827084839344024, 0.9322222222222222, 0.68
0.17363583482801914, 0.9322222222222222, 0.68
0.18495389610528945, 0.9344444444444444, 0.7
0.19057435765862465, 0.9311111111111111, 0.68
0.183055659532547, 0.9266666666666666, 0.69
0.1939352744817734, 0.9333333333333333, 0.69
0.17634850926697254, 0.9322222222222222, 0.7
0.17830712735652923, 0.9322222222222222, 0.69
0.18214026287198068, 0.9311111111111111, 0.69
0.18572255119681358, 0.93, 0.69
0.17987612321972846, 0.93, 0.71
0.19532479509711265, 0.9322222222222222, 0.7
0.2020501534640789, 0.9344444444444444, 0.7
0.17531268984079362, 0.9277777777777778, 0.7
0.19080319568514825, 0.9277777777777778, 0.68
0.18853674605488777, 0.9333333333333333, 0.7
0.17741614416241647, 0.9277777777777778, 0.7
0.20248791798949242, 0.9266666666666666, 0.69
0.191993295699358, 0.93, 0.7
0.19195924147963525, 0.9288888888888889, 0.7
0.18507809132337572, 0.9277777777777778, 0.68
0.1735077229142189, 0.93, 0.69
0.1960630650818348, 0.9244444444444444, 0.7
0.21008106261491777, 0.9311111111111111, 0.71
0.1949069308489561, 0.93, 0.69
0.1873482121527195, 0.9311111111111111, 0.71
0.1829463878273964, 0.9266666666666666, 0.7
0.1843223498761654, 0.9277777777777778, 0.7
0.18315409615635872, 0.9311111111111111, 0.71
0.18241835817694663, 0.9311111111111111, 0.7
0.19008583202958107, 0.9322222222222222, 0.71
0.18539706781506538, 0.9288888888888889, 0.7
0.18539968356490136, 0.9322222222222222, 0.72
0.19769367843866348, 0.9333333333333333, 0.71
0.17380810014903544, 0.9311111111111111, 0.72
0.19271915897727013, 0.9322222222222222, 0.72
0.19000974223017691, 0.93, 0.71
0.179096293002367, 0.9311111111111111, 0.72
0.16138381212949754, 0.9322222222222222, 0.71
0.1861019117757678, 0.9277777777777778, 0.7
0.18123906061053277, 0.93, 0.71
0.184562748670578, 0.9277777777777778, 0.7
0.1898516919463873, 0.9322222222222222, 0.71
0.18069005258381365, 0.93, 0.71
0.18998943969607354, 0.9333333333333333, 0.72
0.18823106840252876, 0.9311111111111111, 0.71
0.1834622500836849, 0.9288888888888889, 0.71
0.16668375670909882, 0.93, 0.71
0.16918928414583206, 0.9277777777777778, 0.7
0.18696845188736916, 0.93, 0.7
0.16141874618828297, 0.9311111111111111, 0.7
0.17614862777292728, 0.9322222222222222, 0.69
0.17938840433955192, 0.93, 0.71
0.19119760721921922, 0.9311111111111111, 0.7
0.19082873269915582, 0.9311111111111111, 0.7
0.18770891264081002, 0.9333333333333333, 0.68
0.1868575133383274, 0.9311111111111111, 0.7
0.1871134814620018, 0.9277777777777778, 0.71
0.17740020796656608, 0.9288888888888889, 0.71
0.16760945040732622, 0.9277777777777778, 0.71
0.17695548593997956, 0.9322222222222222, 0.71
0.17254057213664054, 0.9322222222222222, 0.7
0.17391170889139176, 0.93, 0.7
0.18525338865816593, 0.9288888888888889, 0.7
0.17186479210853578, 0.9344444444444444, 0.71
0.18237546116113662, 0.9288888888888889, 0.7
0.18043543994426728, 0.9311111111111111, 0.7
0.17721193686127662, 0.93, 0.7
0.1802829586714506, 0.9322222222222222, 0.69
0.16751937471330167, 0.93, 0.7
0.1683351006358862, 0.9288888888888889, 0.7
0.18962220713496208, 0.9311111111111111, 0.71
0.17517801910638808, 0.9333333333333333, 0.7
0.167680504322052, 0.93, 0.68
0.16498894840478898, 0.93, 0.7
0.17081963121891022, 0.93, 0.7
0.17256252378225326, 0.9344444444444444, 0.69
0.17884908318519593, 0.93, 0.7
0.18003520146012306, 0.9311111111111111, 0.7
0.19137523271143436, 0.9311111111111111, 0.69
0.18887098371982575, 0.9344444444444444, 0.7
0.18684348747134208, 0.9322222222222222, 0.7
0.193550660610199, 0.9355555555555556, 0.69
0.18571855798363684, 0.9322222222222222, 0.69
0.17224098406732083, 0.9366666666666666, 0.69
0.1600240845233202, 0.9355555555555556, 0.69
0.1890748558938503, 0.9333333333333333, 0.7
0.17649864636361598, 0.9288888888888889, 0.69
0.17354066222906112, 0.9311111111111111, 0.71
0.16403912350535393, 0.9344444444444444, 0.7
0.17079929441213607, 0.9322222222222222, 0.7
0.18365179732441902, 0.9322222222222222, 0.7
