6.370076605081558, 0.7311111111111112, 0.74
2.4301126873493195, 0.7155555555555555, 0.72
1.6806993669271468, 0.7333333333333333, 0.71
1.658677988052368, 0.7466666666666667, 0.73
1.9621908861398696, 0.7355555555555555, 0.69
1.231606310606003, 0.7155555555555555, 0.69
1.2074481928348542, 0.71, 0.73
1.0525917369127273, 0.7588888888888888, 0.68
1.4075868099927902, 0.7288888888888889, 0.69
1.3502001667022705, 0.7533333333333333, 0.73
0.7636080831289291, 0.7544444444444445, 0.72
0.762017257809639, 0.7544444444444445, 0.67
0.8887004685401917, 0.7555555555555555, 0.73
1.7134196692705155, 0.7366666666666667, 0.68
1.3397533071041108, 0.7433333333333333, 0.72
1.240926119685173, 0.77, 0.71
0.6427948957681656, 0.7477777777777778, 0.68
1.1071823561191558, 0.7566666666666667, 0.69
0.5332826852798462, 0.7688888888888888, 0.71
1.0219694864749909, 0.7544444444444445, 0.7
0.5616165345907211, 0.7566666666666667, 0.73
0.6439415907859802, 0.7588888888888888, 0.69
0.5243265068531037, 0.7577777777777778, 0.74
0.605662824511528, 0.7466666666666667, 0.68
0.6392555594444275, 0.7577777777777778, 0.7
0.5454256618022919, 0.7555555555555555, 0.72
0.606848247051239, 0.7711111111111111, 0.73
0.5025703102350235, 0.7688888888888888, 0.69
0.5454677259922027, 0.7788888888888889, 0.67
0.47729788422584535, 0.7644444444444445, 0.76
0.49080425798892974, 0.7755555555555556, 0.75
0.46289610147476196, 0.7711111111111111, 0.72
0.5359421360492707, 0.7777777777777778, 0.76
0.48319904088974, 0.7844444444444445, 0.7
0.5046793103218079, 0.7511111111111111, 0.71
0.5247047376632691, 0.8044444444444444, 0.71
0.5054239374399185, 0.7722222222222223, 0.71
0.4444854491949081, 0.7811111111111111, 0.73
0.4883689105510712, 0.7744444444444445, 0.69
0.46442980706691744, 0.7855555555555556, 0.65
0.44151469826698303, 0.7866666666666666, 0.68
0.4496733558177948, 0.81, 0.7
0.44180439889431, 0.7966666666666666, 0.69
0.4305328559875488, 0.7822222222222223, 0.72
0.4237505793571472, 0.81, 0.7
0.4689037263393402, 0.8088888888888889, 0.67
0.44455967247486117, 0.8244444444444444, 0.67
0.41242107927799226, 0.77, 0.67
0.4108200082182884, 0.8055555555555556, 0.7
0.41025483936071394, 0.8288888888888889, 0.69
0.4068334144353867, 0.83, 0.65
0.40092837989330293, 0.8366666666666667, 0.73
0.3778232103586197, 0.8444444444444444, 0.73
0.3573679831624031, 0.8433333333333334, 0.7
0.3749833056330681, 0.8311111111111111, 0.7
0.37295905470848084, 0.8488888888888889, 0.7
0.41193684428930283, 0.8355555555555556, 0.7
0.3798241713643074, 0.8333333333333334, 0.71
0.42435850292444227, 0.8311111111111111, 0.73
0.3624472165107727, 0.8444444444444444, 0.7
0.369166704416275, 0.8366666666666667, 0.67
0.34856346994638443, 0.8444444444444444, 0.67
0.38070134818553925, 0.8544444444444445, 0.72
0.42694252282381057, 0.8377777777777777, 0.65
0.4189223811030388, 0.8277777777777777, 0.69
0.41751736909151077, 0.8455555555555555, 0.65
0.4123707911372185, 0.8355555555555556, 0.66
0.39894500344991685, 0.8144444444444444, 0.67
0.36310156792402265, 0.8511111111111112, 0.7
0.3645090788602829, 0.8455555555555555, 0.71
0.40550360262393953, 0.8344444444444444, 0.72
0.3873567634820938, 0.8455555555555555, 0.69
0.3862749627232552, 0.8466666666666667, 0.67
0.36625518411397934, 0.8577777777777778, 0.66
0.36271434009075165, 0.8511111111111112, 0.68
0.37631360977888106, 0.8588888888888889, 0.69
0.3868273940682411, 0.8544444444444445, 0.69
0.3723952284455299, 0.8477777777777777, 0.69
0.3406214788556099, 0.8222222222222222, 0.68
0.37645647674798965, 0.8333333333333334, 0.74
0.3622990158200264, 0.8322222222222222, 0.64
0.43531634390354157, 0.8088888888888889, 0.68
0.3952326437830925, 0.8333333333333334, 0.71
0.3949238383769989, 0.8366666666666667, 0.68
0.38106141954660416, 0.8466666666666667, 0.67
0.35154488146305085, 0.8555555555555555, 0.7
0.34030367791652677, 0.8611111111111112, 0.7
0.3566064888238907, 0.8544444444444445, 0.67
0.35563235461711884, 0.8511111111111112, 0.67
0.3695628577470779, 0.8244444444444444, 0.7
0.3691423189640045, 0.8555555555555555, 0.73
0.37031651943922045, 0.8444444444444444, 0.68
0.36548282355070116, 0.8566666666666667, 0.68
0.34171591341495516, 0.8588888888888889, 0.69
0.35153993278741835, 0.8544444444444445, 0.72
0.3663058042526245, 0.8333333333333334, 0.68
0.38491065591573714, 0.8488888888888889, 0.68
0.33927967995405195, 0.8655555555555555, 0.67
0.33729988276958467, 0.8555555555555555, 0.7
0.35058892250061036, 0.8655555555555555, 0.71
0.3118996050953865, 0.8577777777777778, 0.69
0.3130961498618126, 0.8655555555555555, 0.71
0.30877859860658646, 0.86, 0.72
0.33200593560934066, 0.87, 0.69
0.3307433390617371, 0.8666666666666667, 0.68
0.3247173991799355, 0.8722222222222222, 0.66
0.31571219325065614, 0.8677777777777778, 0.66
0.2957243660092354, 0.8677777777777778, 0.69
0.30703422337770464, 0.87, 0.66
0.3159089404344559, 0.8677777777777778, 0.66
0.3123040422797203, 0.8655555555555555, 0.66
0.3156782668828964, 0.8722222222222222, 0.66
0.31061563521623614, 0.87, 0.65
0.31881259351968766, 0.8611111111111112, 0.71
0.3036071446537971, 0.8644444444444445, 0.68
0.3124189284443855, 0.8744444444444445, 0.66
0.31165202587842944, 0.8622222222222222, 0.7
0.3177838641405106, 0.8666666666666667, 0.69
0.3248686809837818, 0.8533333333333334, 0.61
0.3099372959136963, 0.8644444444444445, 0.66
0.3017521095275879, 0.8733333333333333, 0.65
0.3295187783241272, 0.8711111111111111, 0.66
0.30571775943040846, 0.87, 0.66
0.29650499671697617, 0.86, 0.65
0.3073504009842873, 0.8722222222222222, 0.67
0.2953322219848633, 0.8722222222222222, 0.65
0.3031859187781811, 0.8711111111111111, 0.66
0.3172709718346596, 0.8711111111111111, 0.68
0.3010752925276756, 0.8722222222222222, 0.67
0.29506815165281297, 0.8722222222222222, 0.66
0.2884331256151199, 0.8755555555555555, 0.64
0.30983335107564924, 0.8788888888888889, 0.68
0.2902829548716545, 0.8744444444444445, 0.7
0.27882313311100004, 0.8666666666666667, 0.65
0.3105031955242157, 0.8777777777777778, 0.67
0.3360841456055641, 0.88, 0.68
0.2838043627142906, 0.8733333333333333, 0.68
0.30429530709981917, 0.8688888888888889, 0.65
0.3185799762606621, 0.8755555555555555, 0.67
0.2908062472939491, 0.8777777777777778, 0.71
0.29498076111078264, 0.8755555555555555, 0.67
0.28909931182861326, 0.8822222222222222, 0.71
0.29929214388132097, 0.8722222222222222, 0.7
0.28038828402757643, 0.8777777777777778, 0.68
0.29301540076732635, 0.8711111111111111, 0.64
0.3101066333055496, 0.88, 0.66
0.30130366623401644, 0.8755555555555555, 0.69
0.26661747708916667, 0.8822222222222222, 0.7
0.2700278709828854, 0.8822222222222222, 0.7
0.2673923167586327, 0.8811111111111111, 0.71
0.25257637590169907, 0.8822222222222222, 0.69
0.27532720178365705, 0.88, 0.68
0.29034714728593825, 0.8811111111111111, 0.67
0.278864121735096, 0.8777777777777778, 0.71
0.26489615470170974, 0.8822222222222222, 0.7
0.29093514442443846, 0.8866666666666667, 0.68
0.26595117315649985, 0.8855555555555555, 0.68
0.2642031222581863, 0.8877777777777778, 0.68
0.2583738523721695, 0.8822222222222222, 0.71
0.2592302399873734, 0.8844444444444445, 0.71
0.2901148495078087, 0.8877777777777778, 0.71
0.26700135946273806, 0.89, 0.72
0.2844293183088303, 0.8811111111111111, 0.7
0.2962108647823334, 0.8777777777777778, 0.71
0.26893787741661074, 0.8888888888888888, 0.7
0.27011539936065676, 0.8788888888888889, 0.67
0.24137283712625504, 0.8822222222222222, 0.69
0.264116180986166, 0.8811111111111111, 0.69
0.2905829092860222, 0.8888888888888888, 0.69
0.28125318109989167, 0.8844444444444445, 0.7
0.2678739207983017, 0.8844444444444445, 0.69
0.26890253365039823, 0.8866666666666667, 0.68
0.25269805401563644, 0.8788888888888889, 0.66
0.25054447174072264, 0.8911111111111111, 0.68
0.25561202213168144, 0.8877777777777778, 0.68
0.2624576434493065, 0.8855555555555555, 0.68
0.25184027552604676, 0.8888888888888888, 0.69
0.272530260682106, 0.8855555555555555, 0.67
0.2601712141931057, 0.8877777777777778, 0.67
0.26567223861813544, 0.8833333333333333, 0.65
0.26844745472073556, 0.8911111111111111, 0.69
0.26933679535984995, 0.8855555555555555, 0.67
0.2767057906091213, 0.8844444444444445, 0.71
0.24945165514945983, 0.89, 0.7
0.25958004415035246, 0.89, 0.71
0.2577174960076809, 0.89, 0.7
0.2456531661748886, 0.8811111111111111, 0.71
0.27100159481167796, 0.8911111111111111, 0.69
0.26865197002887725, 0.8888888888888888, 0.7
0.23812055677175523, 0.89, 0.69
0.2704422117769718, 0.8922222222222222, 0.69
0.2392103461921215, 0.8911111111111111, 0.68
0.2657369557023048, 0.8888888888888888, 0.69
0.2793856567144394, 0.8855555555555555, 0.68
0.252949972897768, 0.8822222222222222, 0.68
0.2863018640875816, 0.8866666666666667, 0.68
0.27000967532396314, 0.8833333333333333, 0.69
0.25198512092232705, 0.8866666666666667, 0.67
0.24101370841264724, 0.8855555555555555, 0.69
0.24984435707330704, 0.89, 0.69
0.23714503303170203, 0.8888888888888888, 0.7
0.26647124052047727, 0.89, 0.68
0.2457491149008274, 0.8877777777777778, 0.7
0.2612592487037182, 0.8866666666666667, 0.69
0.28343029707670214, 0.8844444444444445, 0.67
0.22350472927093507, 0.8855555555555555, 0.72
0.2618021473288536, 0.8944444444444445, 0.69
0.260850392729044, 0.89, 0.7
0.23355192467570304, 0.89, 0.68
0.22993277713656426, 0.8888888888888888, 0.7
0.2428988766670227, 0.89, 0.67
0.25209349393844604, 0.89, 0.68
0.22366227880120276, 0.89, 0.68
0.25045198172330857, 0.8922222222222222, 0.66
0.2521601435542107, 0.8933333333333333, 0.69
0.261398708820343, 0.8855555555555555, 0.69
0.24000776931643486, 0.8888888888888888, 0.68
0.24361481830477716, 0.8877777777777778, 0.68
0.24690893203020095, 0.8911111111111111, 0.69
0.23423317894339563, 0.8933333333333333, 0.67
0.21558293715119362, 0.8888888888888888, 0.67
0.226806570738554, 0.8922222222222222, 0.69
0.21976461067795752, 0.89, 0.67
0.22177534833550452, 0.89, 0.68
0.24610092222690583, 0.8888888888888888, 0.68
0.2341299322247505, 0.8888888888888888, 0.69
0.23232277736067772, 0.8877777777777778, 0.66
0.2515743786096573, 0.8888888888888888, 0.68
0.2530656692385673, 0.8888888888888888, 0.66
0.2447948282957077, 0.8866666666666667, 0.66
0.23801348194479943, 0.8855555555555555, 0.68
0.23598355770111085, 0.89, 0.68
0.2233824123442173, 0.8888888888888888, 0.66
0.2562854212522507, 0.8911111111111111, 0.66
0.2453232768177986, 0.8911111111111111, 0.67
0.2405053347349167, 0.8933333333333333, 0.68
0.26629000291228294, 0.89, 0.69
0.2640016375482082, 0.8888888888888888, 0.69
0.24038853645324706, 0.8866666666666667, 0.68
0.2512288467586041, 0.8911111111111111, 0.7
0.24325739160180093, 0.8922222222222222, 0.7
0.24919150829315184, 0.89, 0.7
0.24004191040992737, 0.8866666666666667, 0.7
0.2132672895491123, 0.8877777777777778, 0.71
0.2657529103755951, 0.8855555555555555, 0.7
0.255338588654995, 0.8911111111111111, 0.7
0.24008047461509704, 0.8933333333333333, 0.68
0.2462922790646553, 0.89, 0.7
0.22889274686574937, 0.8933333333333333, 0.66
0.23352295100688936, 0.8944444444444445, 0.65
0.2231647801399231, 0.8944444444444445, 0.68
0.2321280798316002, 0.8922222222222222, 0.68
0.23641987055540084, 0.8888888888888888, 0.66
0.24448304548859595, 0.8888888888888888, 0.68
0.24955051138997078, 0.8933333333333333, 0.69
0.2344300566613674, 0.8911111111111111, 0.67
0.24105775982141495, 0.8911111111111111, 0.64
0.23199622750282287, 0.8888888888888888, 0.66
0.2347562274336815, 0.8922222222222222, 0.65
0.2366711503267288, 0.89, 0.66
0.2429628199338913, 0.8922222222222222, 0.67
0.25075392186641693, 0.89, 0.67
0.22393606916069986, 0.8888888888888888, 0.65
0.24366697132587434, 0.8888888888888888, 0.67
0.22542535826563836, 0.89, 0.67
0.2159233483672142, 0.8911111111111111, 0.66
0.2498711884021759, 0.8933333333333333, 0.67
0.22548214450478554, 0.8911111111111111, 0.67
0.2139180840551853, 0.89, 0.68
0.2380953186750412, 0.8944444444444445, 0.65
0.23467971950769426, 0.8888888888888888, 0.66
0.22181431651115419, 0.8911111111111111, 0.67
0.23957936972379684, 0.89, 0.66
0.23845574259757996, 0.8888888888888888, 0.67
0.22241755023598672, 0.8877777777777778, 0.68
0.25734085112810134, 0.8877777777777778, 0.69
0.2361394026875496, 0.8911111111111111, 0.66
0.2434188911318779, 0.8866666666666667, 0.71
0.23611428767442702, 0.8944444444444445, 0.65
0.21294788181781768, 0.8922222222222222, 0.69
0.2528765548765659, 0.8933333333333333, 0.65
0.261864873021841, 0.8911111111111111, 0.7
0.23884860098361968, 0.8933333333333333, 0.68
0.23396019667387008, 0.8966666666666666, 0.68
0.25037015199661256, 0.8944444444444445, 0.69
0.23364647299051286, 0.89, 0.67
0.2427871459722519, 0.8877777777777778, 0.7
0.23979122817516327, 0.8933333333333333, 0.68
0.2358139783143997, 0.8911111111111111, 0.69
0.24951537907123567, 0.89, 0.7
0.23233813136816026, 0.8922222222222222, 0.68
0.23946090281009674, 0.8911111111111111, 0.68
0.21932799592614174, 0.8877777777777778, 0.68
0.25605159252882004, 0.8933333333333333, 0.68
0.2246384172141552, 0.8911111111111111, 0.68
0.21526926040649413, 0.8888888888888888, 0.69
0.21049203783273696, 0.8922222222222222, 0.69
0.22375114306807517, 0.8922222222222222, 0.69
0.22067803531885147, 0.8933333333333333, 0.67
0.243642990142107, 0.8933333333333333, 0.7
0.23793704628944398, 0.89, 0.69
0.22934549674391747, 0.8911111111111111, 0.69
0.2382677625119686, 0.8955555555555555, 0.67
0.23136383816599845, 0.8911111111111111, 0.67
0.2333024299889803, 0.8933333333333333, 0.69
0.22098444238305093, 0.89, 0.67
0.230298969745636, 0.8944444444444445, 0.67
0.22755981758236885, 0.8933333333333333, 0.66
0.22866452619433403, 0.8911111111111111, 0.67
0.2293185366690159, 0.8922222222222222, 0.69
0.2475664147734642, 0.8911111111111111, 0.69
0.24642531394958497, 0.8922222222222222, 0.68
0.2294188243150711, 0.8933333333333333, 0.69
0.22548822343349456, 0.8911111111111111, 0.69
0.2524701915681362, 0.8922222222222222, 0.65
0.23696155488491058, 0.8933333333333333, 0.66
0.2151268318295479, 0.8955555555555555, 0.66
0.2139758786559105, 0.89, 0.68
0.21283169969916343, 0.8922222222222222, 0.68
0.2478658899664879, 0.8955555555555555, 0.67
0.2083850795030594, 0.8922222222222222, 0.66
0.23898134380578995, 0.8944444444444445, 0.68
0.22686445623636245, 0.8944444444444445, 0.66
0.24691685914993286, 0.8933333333333333, 0.69
0.2274734653532505, 0.89, 0.7
0.2249701464176178, 0.8933333333333333, 0.67
0.22571020796895028, 0.8933333333333333, 0.65
0.21887218877673148, 0.8922222222222222, 0.67
0.22422006845474243, 0.8911111111111111, 0.68
0.2404375709593296, 0.8966666666666666, 0.68
0.21866320833563804, 0.8933333333333333, 0.66
0.22456047996878625, 0.8944444444444445, 0.68
0.22596000760793686, 0.8955555555555555, 0.67
0.22373226344585417, 0.8922222222222222, 0.67
0.218210821300745, 0.8922222222222222, 0.68
0.2251095163822174, 0.8911111111111111, 0.66
0.23472629472613335, 0.8922222222222222, 0.65
0.22791305422782898, 0.8933333333333333, 0.67
0.2296737912297249, 0.8944444444444445, 0.65
0.23346510484814645, 0.8933333333333333, 0.66
0.243432105332613, 0.8933333333333333, 0.68
0.2185781417787075, 0.8933333333333333, 0.67
0.2177438320219517, 0.8944444444444445, 0.65
0.20263047739863396, 0.8933333333333333, 0.67
0.22760797545313835, 0.8966666666666666, 0.66
0.2262490974366665, 0.8944444444444445, 0.68
0.2271317207813263, 0.8966666666666666, 0.67
0.21151348918676377, 0.8922222222222222, 0.68
0.2290947540104389, 0.8944444444444445, 0.67
0.22973481982946395, 0.8933333333333333, 0.65
