1.9041536593437194, 0.6922222222222222, 0.66
0.5793055093288422, 0.7966666666666666, 0.76
0.46734013497829435, 0.7777777777777778, 0.7
0.4165321654081345, 0.8177777777777778, 0.79
0.36918540954589846, 0.83, 0.71
0.35534165978431703, 0.8533333333333334, 0.72
0.3557127404212952, 0.8544444444444445, 0.73
0.307500883936882, 0.8433333333333334, 0.73
0.31004440486431123, 0.85, 0.67
0.28715467303991316, 0.8733333333333333, 0.66
0.3136138567328453, 0.8022222222222222, 0.69
0.3345038229227066, 0.8666666666666667, 0.77
0.4071444097161293, 0.8444444444444444, 0.67
0.30304096162319183, 0.8922222222222222, 0.69
0.2601264789700508, 0.8933333333333333, 0.71
0.23748238116502762, 0.8911111111111111, 0.7
0.26087837636470795, 0.8677777777777778, 0.71
0.25364195346832275, 0.9088888888888889, 0.67
0.2282313260436058, 0.91, 0.63
0.2300440165400505, 0.9188888888888889, 0.68
0.20942909747362137, 0.91, 0.7
0.2239660307765007, 0.9166666666666666, 0.69
0.20741925925016402, 0.8966666666666666, 0.67
0.20727921023964882, 0.9033333333333333, 0.65
0.210244769603014, 0.9011111111111111, 0.67
0.21004577100276947, 0.9177777777777778, 0.7
0.1832167099416256, 0.9122222222222223, 0.69
0.19843096122145654, 0.9088888888888889, 0.68
0.18954190686345102, 0.9144444444444444, 0.7
0.20814292758703232, 0.91, 0.66
0.20956079110503198, 0.9155555555555556, 0.66
0.21536329239606858, 0.9111111111111111, 0.7
0.19995612934231757, 0.9322222222222222, 0.67
0.18369562059640884, 0.9266666666666666, 0.67
0.18744756713509558, 0.8877777777777778, 0.7
0.19131283581256867, 0.9233333333333333, 0.71
0.1783563806116581, 0.9244444444444444, 0.71
0.1565538902580738, 0.9122222222222223, 0.67
0.18680203348398208, 0.9244444444444444, 0.66
0.1532074025273323, 0.9333333333333333, 0.69
0.1777300488948822, 0.9188888888888889, 0.7
0.18624627754092216, 0.9155555555555556, 0.65
0.18464729964733123, 0.9322222222222222, 0.67
0.1894783216714859, 0.8988888888888888, 0.69
0.18236971914768219, 0.9233333333333333, 0.69
0.16443064779043198, 0.9277777777777778, 0.69
0.1525362505018711, 0.9277777777777778, 0.66
0.1702191312611103, 0.9333333333333333, 0.68
0.17277826517820358, 0.92, 0.72
0.15001174479722976, 0.9388888888888889, 0.69
0.14011409685015677, 0.9377777777777778, 0.69
0.13926462024450303, 0.9344444444444444, 0.69
0.13819913908839226, 0.9355555555555556, 0.71
0.13566529259085655, 0.9388888888888889, 0.67
0.13011961296200752, 0.9455555555555556, 0.69
0.13504152119159699, 0.9333333333333333, 0.7
0.1403176799416542, 0.94, 0.64
0.1345926684141159, 0.9355555555555556, 0.7
0.13053928688168526, 0.9444444444444444, 0.67
0.13235300794243812, 0.9411111111111111, 0.67
0.14709999904036522, 0.9333333333333333, 0.66
0.13614328622817992, 0.9366666666666666, 0.66
0.12820344761013985, 0.9388888888888889, 0.64
0.14068456307053567, 0.94, 0.71
0.1473296970129013, 0.94, 0.67
0.15145116552710533, 0.9333333333333333, 0.69
0.14076557010412216, 0.9411111111111111, 0.68
0.13954589650034904, 0.9411111111111111, 0.7
0.12986796975135803, 0.94, 0.68
0.12324170418083667, 0.9311111111111111, 0.68
0.14080251306295394, 0.9155555555555556, 0.69
0.1533421301841736, 0.9355555555555556, 0.67
0.13803056433796881, 0.9377777777777778, 0.7
0.13756651937961578, 0.94, 0.69
0.14139733582735062, 0.9377777777777778, 0.68
0.1358638148009777, 0.9344444444444444, 0.67
0.1324591687321663, 0.9433333333333334, 0.69
0.12531932711601257, 0.94, 0.69
0.1382940788567066, 0.9422222222222222, 0.69
0.13561504125595092, 0.9455555555555556, 0.67
0.1382473336160183, 0.9444444444444444, 0.7
0.12083546556532383, 0.9455555555555556, 0.7
0.1295925310999155, 0.94, 0.68
0.1338636739552021, 0.94, 0.69
0.13870253711938857, 0.9444444444444444, 0.65
0.13648062229156493, 0.9411111111111111, 0.65
0.12322599649429321, 0.9433333333333334, 0.73
0.12931917376816274, 0.9444444444444444, 0.7
0.1364058029651642, 0.9344444444444444, 0.68
0.14686266899108888, 0.9388888888888889, 0.67
0.13394429057836532, 0.9411111111111111, 0.7
0.13241781152784823, 0.9444444444444444, 0.72
0.13000927820801736, 0.9388888888888889, 0.71
0.23517724111676216, 0.9233333333333333, 0.69
0.38720716163516045, 0.8422222222222222, 0.61
0.21655138835310936, 0.9166666666666666, 0.67
0.1600126640498638, 0.9288888888888889, 0.69
0.14726451188325881, 0.94, 0.67
0.15845134541392325, 0.94, 0.7
0.1339426776766777, 0.9477777777777778, 0.72
0.12102708443999291, 0.9444444444444444, 0.67
0.12108855858445168, 0.9433333333333334, 0.67
0.1153198690712452, 0.9477777777777778, 0.69
0.12365394473075866, 0.9477777777777778, 0.68
0.120514647513628, 0.9455555555555556, 0.7
0.127293132096529, 0.9477777777777778, 0.7
0.11477310240268707, 0.9466666666666667, 0.69
0.11247333571314812, 0.9455555555555556, 0.71
0.12374482065439224, 0.95, 0.71
0.11163484394550323, 0.9488888888888889, 0.7
0.11152962476015091, 0.9477777777777778, 0.74
0.11596032381057739, 0.9477777777777778, 0.72
0.10691654711961746, 0.9455555555555556, 0.71
0.11726698160171509, 0.9477777777777778, 0.7
0.11062499403953552, 0.9477777777777778, 0.71
0.11380025044083596, 0.9488888888888889, 0.71
0.10980279378592968, 0.9477777777777778, 0.7
0.10823597714304924, 0.9466666666666667, 0.71
0.1050485334545374, 0.9488888888888889, 0.71
0.10100434683263301, 0.9488888888888889, 0.71
0.11218267098069191, 0.9444444444444444, 0.7
0.10902483053505421, 0.9444444444444444, 0.72
0.11147298991680145, 0.9488888888888889, 0.68
0.11052058637142181, 0.9455555555555556, 0.7
0.11505519956350327, 0.95, 0.7
0.10279936671257019, 0.94, 0.73
0.10675992973148823, 0.9488888888888889, 0.71
0.11320800051093101, 0.9455555555555556, 0.73
0.12309490978717803, 0.9444444444444444, 0.7
0.11980614431202412, 0.9488888888888889, 0.7
0.10449917413294316, 0.9488888888888889, 0.7
0.11210158213973045, 0.9444444444444444, 0.71
0.10231374859809876, 0.9477777777777778, 0.7
0.10050193846225738, 0.9488888888888889, 0.72
0.1013678888976574, 0.9477777777777778, 0.71
0.10490749672055244, 0.9488888888888889, 0.7
0.10507701352238655, 0.9466666666666667, 0.72
0.10150610625743867, 0.9488888888888889, 0.71
0.10604752115905285, 0.95, 0.7
0.10927417561411858, 0.95, 0.71
0.1145580280572176, 0.9477777777777778, 0.71
0.1005002921819687, 0.9488888888888889, 0.71
0.10158822305500508, 0.9477777777777778, 0.69
0.11529730036854743, 0.9444444444444444, 0.74
0.11467436090111732, 0.9488888888888889, 0.71
0.11823900103569031, 0.9488888888888889, 0.72
0.10808642651885748, 0.95, 0.69
0.10382747575640679, 0.9488888888888889, 0.69
0.10911210305988789, 0.9477777777777778, 0.71
0.1001629038900137, 0.9488888888888889, 0.7
0.10185623966157437, 0.9488888888888889, 0.71
0.09552053861320019, 0.95, 0.7
0.10090813875198364, 0.95, 0.71
0.09681632414460183, 0.9511111111111111, 0.71
0.09761061891913414, 0.9488888888888889, 0.71
0.09843016229569912, 0.95, 0.71
0.0971871168166399, 0.9511111111111111, 0.71
0.09476216077804565, 0.95, 0.71
0.09532137870788575, 0.95, 0.71
0.09880765601992607, 0.9511111111111111, 0.71
0.10490590989589692, 0.9522222222222222, 0.71
0.09759413450956345, 0.95, 0.71
0.10091458573937416, 0.9488888888888889, 0.71
0.10125132299959659, 0.95, 0.71
0.09895344518125057, 0.9511111111111111, 0.71
0.10418780095875263, 0.95, 0.71
0.10209712445735931, 0.9488888888888889, 0.71
0.10142283879220486, 0.95, 0.71
0.09547329276800155, 0.9522222222222222, 0.71
0.09321376107633114, 0.95, 0.71
0.10206179201602936, 0.9511111111111111, 0.72
0.09684927396476269, 0.9488888888888889, 0.72
0.09841579020023346, 0.95, 0.71
0.10008629754185677, 0.95, 0.72
0.10556439705193042, 0.9511111111111111, 0.71
0.09630913339555264, 0.9522222222222222, 0.71
0.09679263561964035, 0.9511111111111111, 0.71
0.09792514570057392, 0.9522222222222222, 0.71
0.09454218104481697, 0.9511111111111111, 0.71
0.10202912986278534, 0.95, 0.71
0.10068807154893875, 0.9522222222222222, 0.71
0.09719783067703247, 0.9466666666666667, 0.7
0.09461033634841443, 0.9488888888888889, 0.7
0.0953089427947998, 0.9488888888888889, 0.72
0.09694028913974762, 0.9511111111111111, 0.71
0.10230093359947205, 0.9511111111111111, 0.7
0.09697281032800674, 0.9522222222222222, 0.71
0.09539649173617364, 0.95, 0.7
0.10196796961128712, 0.9488888888888889, 0.68
0.09865500532090664, 0.95, 0.71
0.1001385748386383, 0.9488888888888889, 0.72
0.09912048913538456, 0.9488888888888889, 0.71
0.09180678188800812, 0.9511111111111111, 0.72
0.09408515140414238, 0.95, 0.7
0.09654417175799608, 0.9522222222222222, 0.72
0.09789479598402977, 0.9488888888888889, 0.7
0.10097853384912014, 0.9522222222222222, 0.7
0.09173732601106167, 0.9511111111111111, 0.7
0.1000974503159523, 0.95, 0.69
0.09240914791822434, 0.9511111111111111, 0.7
0.09406628362834453, 0.9511111111111111, 0.7
0.09361442960798741, 0.9522222222222222, 0.7
0.09700788892805576, 0.9522222222222222, 0.7
0.09004160709679127, 0.9511111111111111, 0.7
0.0951337070018053, 0.9522222222222222, 0.7
0.0871654448658228, 0.9511111111111111, 0.7
0.09953773453831673, 0.9511111111111111, 0.7
0.09624368779361248, 0.9522222222222222, 0.71
0.09501345254480839, 0.95, 0.7
0.08926363930106163, 0.9522222222222222, 0.7
0.0872536302357912, 0.9522222222222222, 0.71
0.09162196688354016, 0.9511111111111111, 0.69
0.09268454726785422, 0.9522222222222222, 0.71
0.09371201246976853, 0.9511111111111111, 0.7
0.09804755344986915, 0.9522222222222222, 0.71
0.0906851939111948, 0.9511111111111111, 0.73
0.08806705616414547, 0.9522222222222222, 0.7
0.09611316911876201, 0.9522222222222222, 0.71
0.09933146513998509, 0.9477777777777778, 0.71
0.09687386982142926, 0.9522222222222222, 0.7
0.09126456476747989, 0.9522222222222222, 0.71
0.08968917571008206, 0.9522222222222222, 0.71
0.09134702146053314, 0.9533333333333334, 0.71
0.08940180450677872, 0.9488888888888889, 0.72
0.09709134340286255, 0.9511111111111111, 0.71
0.09533897250890731, 0.9522222222222222, 0.71
0.08692544549703599, 0.9488888888888889, 0.71
0.091202884465456, 0.9511111111111111, 0.71
0.09108312986791134, 0.9522222222222222, 0.71
0.0948831082135439, 0.9522222222222222, 0.71
0.09677769258618354, 0.9522222222222222, 0.7
0.09479015216231346, 0.9511111111111111, 0.7
0.08718789897859097, 0.9522222222222222, 0.7
0.09525221131742001, 0.9522222222222222, 0.7
0.09420428171753883, 0.9522222222222222, 0.7
0.0942933738231659, 0.9522222222222222, 0.7
0.09071248285472393, 0.9533333333333334, 0.7
0.08871479071676731, 0.9511111111111111, 0.7
0.09290997698903083, 0.9522222222222222, 0.71
0.09479619957506656, 0.9511111111111111, 0.7
0.09316784173250198, 0.9511111111111111, 0.7
0.08960324048995971, 0.9533333333333334, 0.7
0.09369397357106209, 0.9522222222222222, 0.69
0.09037522859871387, 0.9522222222222222, 0.7
0.09768774822354316, 0.9511111111111111, 0.7
0.09666086226701737, 0.9533333333333334, 0.7
0.09643642030656338, 0.9533333333333334, 0.7
0.09202343598008156, 0.9522222222222222, 0.7
0.08928774133324623, 0.9522222222222222, 0.7
0.09316728077828884, 0.9522222222222222, 0.7
0.08672459259629249, 0.9522222222222222, 0.69
0.12087369471788406, 0.9522222222222222, 0.72
0.09346015445888042, 0.9533333333333334, 0.69
0.08652357712388038, 0.9511111111111111, 0.7
0.09080575741827487, 0.9533333333333334, 0.7
0.09441801495850086, 0.9522222222222222, 0.7
0.08988913759589195, 0.9522222222222222, 0.7
0.09376001536846161, 0.9522222222222222, 0.7
0.09267189189791679, 0.9533333333333334, 0.7
0.08788169734179974, 0.9533333333333334, 0.7
0.09185302808880806, 0.9533333333333334, 0.7
0.0867670740187168, 0.9533333333333334, 0.7
0.09048988275229931, 0.9511111111111111, 0.7
0.08936057090759278, 0.9533333333333334, 0.69
0.09051833115518093, 0.9511111111111111, 0.7
0.08523401342332364, 0.9522222222222222, 0.7
0.09531579032540322, 0.9522222222222222, 0.71
0.09106402680277824, 0.9533333333333334, 0.7
0.08732050500810146, 0.9522222222222222, 0.7
0.09346476502716541, 0.9533333333333334, 0.7
0.09648327328264714, 0.9533333333333334, 0.7
0.08584536716341973, 0.9522222222222222, 0.7
0.08932871744036674, 0.9511111111111111, 0.7
0.09514394611120223, 0.9533333333333334, 0.71
0.08737125020474196, 0.9522222222222222, 0.7
0.0853038876503706, 0.9533333333333334, 0.71
0.09522852569818496, 0.9533333333333334, 0.71
0.09106449536979198, 0.9511111111111111, 0.71
0.09054091766476631, 0.9533333333333334, 0.71
0.08725050382316113, 0.9511111111111111, 0.71
0.08901630900800228, 0.9533333333333334, 0.71
0.08700837418437005, 0.9533333333333334, 0.71
0.09171744391322136, 0.9533333333333334, 0.71
0.09321000650525094, 0.9533333333333334, 0.7
0.0897019350528717, 0.9533333333333334, 0.71
0.09615575924515724, 0.9522222222222222, 0.7
0.09182236500084401, 0.9533333333333334, 0.71
0.09368267476558685, 0.9522222222222222, 0.71
0.0878208252042532, 0.9533333333333334, 0.71
0.08919671416282654, 0.9522222222222222, 0.71
0.08894532442092895, 0.9522222222222222, 0.7
0.08795338563621044, 0.9533333333333334, 0.7
0.08144517004489898, 0.9533333333333334, 0.69
0.09753575317561626, 0.9533333333333334, 0.69
0.08716821618378162, 0.9533333333333334, 0.7
0.08850783102214337, 0.9533333333333334, 0.69
0.08668234489858151, 0.9533333333333334, 0.7
0.0893523308634758, 0.9511111111111111, 0.71
0.08883241660892964, 0.9533333333333334, 0.71
0.09223460517823696, 0.9533333333333334, 0.71
0.08839208960533142, 0.9533333333333334, 0.7
0.08924640268087387, 0.9522222222222222, 0.7
0.09378364756703376, 0.9533333333333334, 0.71
0.08840038068592548, 0.9522222222222222, 0.71
0.09055079706013203, 0.9533333333333334, 0.71
0.08593593716621399, 0.9533333333333334, 0.71
0.09307165220379829, 0.9533333333333334, 0.71
0.09087275497615338, 0.9533333333333334, 0.7
0.0877601134032011, 0.9533333333333334, 0.7
0.0933144386857748, 0.9522222222222222, 0.71
0.0908445067703724, 0.9533333333333334, 0.7
0.08618891581892968, 0.9522222222222222, 0.71
0.08883689366281032, 0.9533333333333334, 0.71
0.08953678242862224, 0.9511111111111111, 0.71
0.08365783572196961, 0.9522222222222222, 0.7
0.09341502971947194, 0.9533333333333334, 0.7
0.0885689378529787, 0.9533333333333334, 0.7
0.08826185949146748, 0.9522222222222222, 0.7
0.08996433064341545, 0.9522222222222222, 0.7
0.08558088652789593, 0.9533333333333334, 0.7
0.08646159298717976, 0.9533333333333334, 0.7
0.08747416764497756, 0.9533333333333334, 0.7
0.08543097473680973, 0.9533333333333334, 0.7
0.09201329506933689, 0.9533333333333334, 0.7
0.09035684131085872, 0.9533333333333334, 0.7
0.08736515328288079, 0.9522222222222222, 0.7
0.08856293812394142, 0.9522222222222222, 0.7
0.08368058055639267, 0.9533333333333334, 0.7
0.09014672487974167, 0.9533333333333334, 0.69
0.09339080035686492, 0.9533333333333334, 0.7
0.08814535185694694, 0.9522222222222222, 0.69
0.08496941223740578, 0.9533333333333334, 0.71
0.0877709610760212, 0.9533333333333334, 0.71
0.0896925100684166, 0.9533333333333334, 0.7
0.08368894688785077, 0.9533333333333334, 0.71
0.08988113537430763, 0.9533333333333334, 0.71
0.09030310157686472, 0.9533333333333334, 0.69
0.0906134519726038, 0.9522222222222222, 0.7
0.08619501538574696, 0.9533333333333334, 0.7
0.0918746218830347, 0.9522222222222222, 0.71
0.09613986045122147, 0.9511111111111111, 0.71
0.09369655169546603, 0.9522222222222222, 0.7
0.08848022513091564, 0.9522222222222222, 0.7
0.08673189476132392, 0.9533333333333334, 0.7
0.09260779470205308, 0.9533333333333334, 0.7
0.0979398451000452, 0.95, 0.7
0.08926167525351048, 0.9522222222222222, 0.7
0.0878769712895155, 0.9533333333333334, 0.7
0.09081071555614471, 0.9533333333333334, 0.7
0.09296592637896538, 0.9533333333333334, 0.7
