2.639549720287323, 0.7477777777777778, 0.73
1.1997542679309845, 0.7844444444444445, 0.7
0.6119168758392334, 0.7911111111111111, 0.74
0.5600686496496201, 0.8066666666666666, 0.68
0.49269980370998384, 0.7977777777777778, 0.65
0.47366420209407806, 0.8255555555555556, 0.7
0.5582118010520936, 0.7788888888888889, 0.74
0.42167761325836184, 0.8366666666666667, 0.73
0.3769242584705353, 0.8611111111111112, 0.75
0.37925696849823, 0.8122222222222222, 0.68
0.3746175062656403, 0.8544444444444445, 0.71
0.3712488549947739, 0.8644444444444445, 0.71
0.3853738737106323, 0.8533333333333334, 0.68
0.3204868075251579, 0.8733333333333333, 0.72
0.4034795978665352, 0.8577777777777778, 0.76
0.32828501164913176, 0.8688888888888889, 0.71
0.3214584895968437, 0.8666666666666667, 0.75
0.33791769355535506, 0.8744444444444445, 0.7
0.2997519680857658, 0.8633333333333333, 0.71
0.2903270223736763, 0.8777777777777778, 0.74
0.3184571486711502, 0.8755555555555555, 0.69
0.2827392190694809, 0.87, 0.77
0.2766715604066849, 0.88, 0.7
0.27447998046875, 0.8622222222222222, 0.71
0.2890783107280731, 0.8811111111111111, 0.7
0.2849676543474197, 0.8733333333333333, 0.74
0.26586958557367324, 0.8755555555555555, 0.75
0.7469660753011703, 0.8566666666666667, 0.67
0.3837174808979034, 0.8522222222222222, 0.73
0.5689726859331131, 0.8511111111111112, 0.68
0.34022528380155564, 0.8344444444444444, 0.68
0.33280106633901596, 0.8822222222222222, 0.7
0.34221214026212693, 0.8733333333333333, 0.71
0.2863028448820114, 0.8766666666666667, 0.71
0.27715918093919756, 0.8911111111111111, 0.72
0.2782453435659409, 0.8666666666666667, 0.75
0.2649496904015541, 0.8822222222222222, 0.7
0.2711853948235512, 0.8922222222222222, 0.69
0.26628668159246444, 0.8666666666666667, 0.69
0.2779476070404053, 0.8855555555555555, 0.73
0.2775209084153175, 0.8911111111111111, 0.73
0.2476109316945076, 0.8911111111111111, 0.73
0.267522306740284, 0.8844444444444445, 0.72
0.2550690108537674, 0.8888888888888888, 0.7
0.2430538210272789, 0.8955555555555555, 0.74
0.26230001002550124, 0.8688888888888889, 0.72
0.2819862100481987, 0.8855555555555555, 0.73
0.24790835976600648, 0.8877777777777778, 0.71
0.2570069536566734, 0.88, 0.71
0.2359729066491127, 0.8888888888888888, 0.74
0.22198049247264862, 0.8933333333333333, 0.72
0.21273850679397582, 0.8955555555555555, 0.72
0.22376619637012482, 0.8977777777777778, 0.72
0.20673554360866547, 0.8988888888888888, 0.74
0.20884548455476762, 0.9, 0.73
0.2074431449174881, 0.9011111111111111, 0.71
0.21262859761714936, 0.9, 0.72
0.20651673495769501, 0.9, 0.69
0.20832183271646498, 0.8977777777777778, 0.76
0.20962268829345704, 0.89, 0.74
0.21637160509824752, 0.9011111111111111, 0.74
0.22889166831970215, 0.8933333333333333, 0.69
0.20944955661892892, 0.9, 0.7
0.21279482722282408, 0.8988888888888888, 0.71
0.217204053401947, 0.9011111111111111, 0.76
0.21673033267259598, 0.8977777777777778, 0.65
0.24197880655527115, 0.85, 0.7
0.27759466141462324, 0.8855555555555555, 0.74
0.22124483346939086, 0.9011111111111111, 0.76
0.213973531126976, 0.8988888888888888, 0.73
0.2135847869515419, 0.8977777777777778, 0.73
0.21208969086408616, 0.8944444444444445, 0.73
0.20675997376441957, 0.9011111111111111, 0.73
0.24275259226560592, 0.8933333333333333, 0.74
0.23101796269416808, 0.9022222222222223, 0.73
0.2183553993701935, 0.9, 0.74
0.20590407222509385, 0.8966666666666666, 0.72
0.20135233104228972, 0.9033333333333333, 0.73
0.19904324918985367, 0.9033333333333333, 0.76
0.21456158578395843, 0.8988888888888888, 0.73
0.20806118726730347, 0.9, 0.74
0.19253506243228913, 0.8988888888888888, 0.73
0.2067014080286026, 0.9033333333333333, 0.73
0.2076166757941246, 0.9011111111111111, 0.73
0.24046612977981568, 0.8922222222222222, 0.72
0.20701544880867004, 0.9033333333333333, 0.69
0.19930842965841294, 0.8966666666666666, 0.76
0.20408956050872804, 0.9055555555555556, 0.76
0.20074277877807617, 0.9066666666666666, 0.74
0.21616225689649582, 0.9044444444444445, 0.73
0.1950392347574234, 0.8988888888888888, 0.78
0.19623073562979698, 0.9033333333333333, 0.72
0.2071714909374714, 0.9, 0.75
0.20121478602290155, 0.9022222222222223, 0.71
0.19715192466974257, 0.9055555555555556, 0.76
0.20623779982328416, 0.9, 0.74
0.21253002405166627, 0.9022222222222223, 0.74
0.2043790976703167, 0.9, 0.77
0.2339395347237587, 0.9033333333333333, 0.72
0.2066109535098076, 0.9044444444444445, 0.76
0.17638565897941588, 0.9066666666666666, 0.74
0.1918630762398243, 0.9055555555555556, 0.77
0.18828538328409195, 0.9, 0.78
0.19183406472206116, 0.9066666666666666, 0.74
0.19119975298643113, 0.9044444444444445, 0.76
0.19504976660013199, 0.9044444444444445, 0.75
0.18552672386169433, 0.9033333333333333, 0.74
0.19048203215003012, 0.9066666666666666, 0.75
0.19348008096218108, 0.9044444444444445, 0.75
0.18653396695852278, 0.9033333333333333, 0.74
0.18067168548703194, 0.9033333333333333, 0.72
0.19087308883666992, 0.9044444444444445, 0.74
0.19376634418964386, 0.9, 0.72
0.1824561533331871, 0.9033333333333333, 0.75
0.17817187756299974, 0.9066666666666666, 0.74
0.18619581192731857, 0.9055555555555556, 0.73
0.1953479093313217, 0.9022222222222223, 0.69
0.20847634553909303, 0.9044444444444445, 0.73
0.18420469045639037, 0.9066666666666666, 0.76
0.1944868189096451, 0.9022222222222223, 0.76
0.19693871095776558, 0.9022222222222223, 0.73
0.18794153407216072, 0.9044444444444445, 0.73
0.1837106730043888, 0.9055555555555556, 0.73
0.18099452748894693, 0.9055555555555556, 0.73
0.1828058122098446, 0.9044444444444445, 0.72
0.17651536226272582, 0.9066666666666666, 0.75
0.18543424144387244, 0.9022222222222223, 0.74
0.18154729753732682, 0.9044444444444445, 0.76
0.18259279251098634, 0.9066666666666666, 0.74
0.18749364987015724, 0.9066666666666666, 0.74
0.18007538482546806, 0.9066666666666666, 0.74
0.18265590116381644, 0.9066666666666666, 0.73
0.1799151359498501, 0.9066666666666666, 0.72
0.17733913138508797, 0.9066666666666666, 0.76
0.1873101471364498, 0.9066666666666666, 0.73
0.17894205302000046, 0.91, 0.75
0.17764543905854224, 0.9066666666666666, 0.75
0.1875724822282791, 0.9033333333333333, 0.74
0.18821635872125625, 0.8977777777777778, 0.71
0.18252523347735405, 0.9033333333333333, 0.73
0.18623992651700974, 0.9044444444444445, 0.69
0.17364438876509666, 0.9088888888888889, 0.72
0.17536349818110467, 0.9077777777777778, 0.69
0.18623218238353728, 0.9077777777777778, 0.7
0.18134040832519532, 0.9022222222222223, 0.71
0.18466660052537917, 0.9055555555555556, 0.71
0.17805903375148774, 0.9077777777777778, 0.71
0.17428534090518952, 0.9077777777777778, 0.72
0.18079508781433107, 0.9077777777777778, 0.7
0.17263927116990088, 0.91, 0.71
0.17189016804099083, 0.9044444444444445, 0.72
0.1750040240585804, 0.9077777777777778, 0.7
0.19046642243862152, 0.9066666666666666, 0.72
0.1758000946044922, 0.9055555555555556, 0.71
0.18112339526414872, 0.9077777777777778, 0.7
0.17858710780739784, 0.9066666666666666, 0.7
0.17501847580075264, 0.9055555555555556, 0.72
0.17184191510081293, 0.9066666666666666, 0.72
0.1748872382938862, 0.9077777777777778, 0.72
0.1753841060400009, 0.9066666666666666, 0.69
0.18309158861637115, 0.9066666666666666, 0.73
0.1752788704633713, 0.9077777777777778, 0.71
0.17953921973705292, 0.9033333333333333, 0.69
0.18359118044376374, 0.9077777777777778, 0.74
0.18441143229603768, 0.9033333333333333, 0.71
0.1897423031926155, 0.9077777777777778, 0.71
0.18559307098388672, 0.91, 0.72
0.17804667830467225, 0.9077777777777778, 0.74
0.1700905579328537, 0.9077777777777778, 0.74
0.1664530512690544, 0.9077777777777778, 0.72
0.1801782275736332, 0.9077777777777778, 0.74
0.17230242893099784, 0.9055555555555556, 0.72
0.1774332842230797, 0.9077777777777778, 0.75
0.18358387917280197, 0.9055555555555556, 0.71
0.17585942685604095, 0.9088888888888889, 0.74
0.1789427201449871, 0.9088888888888889, 0.74
0.17140065670013427, 0.9088888888888889, 0.74
0.17035641491413117, 0.9088888888888889, 0.74
0.16937900349497795, 0.9077777777777778, 0.74
0.1851741448044777, 0.9077777777777778, 0.75
0.18203589618206023, 0.9077777777777778, 0.71
0.17125216320157052, 0.9066666666666666, 0.71
0.1761252735555172, 0.9066666666666666, 0.74
0.17471267506480218, 0.9088888888888889, 0.74
0.17857556968927382, 0.9077777777777778, 0.74
0.17408891811966895, 0.9077777777777778, 0.75
0.17898327201604844, 0.9088888888888889, 0.75
0.17146773174405097, 0.9033333333333333, 0.75
0.17584392070770263, 0.9055555555555556, 0.71
0.17243141815066337, 0.9055555555555556, 0.75
0.17529412150382995, 0.9055555555555556, 0.74
0.1675810393691063, 0.9088888888888889, 0.72
0.17206861317157746, 0.9077777777777778, 0.74
0.17042871028184892, 0.9088888888888889, 0.74
0.17463030084967612, 0.9011111111111111, 0.72
0.17660339713096618, 0.9077777777777778, 0.73
0.17502849146723748, 0.9077777777777778, 0.74
0.17052282854914666, 0.9055555555555556, 0.73
0.17935078889131545, 0.9066666666666666, 0.73
0.16895189821720125, 0.9077777777777778, 0.74
0.17167712718248368, 0.9088888888888889, 0.73
0.17057321593165398, 0.9066666666666666, 0.73
0.17423680320382118, 0.9088888888888889, 0.72
0.16643429562449455, 0.9088888888888889, 0.73
0.17150680482387543, 0.9055555555555556, 0.74
0.15777176097035409, 0.9077777777777778, 0.73
0.1777258738875389, 0.9077777777777778, 0.74
0.18090565145015716, 0.9066666666666666, 0.75
0.17582638815045357, 0.9088888888888889, 0.74
0.16594163224101066, 0.9077777777777778, 0.74
0.16368780821561812, 0.9088888888888889, 0.75
0.17580297335982323, 0.9088888888888889, 0.73
0.16403370395302772, 0.9077777777777778, 0.72
0.17351135984063148, 0.9055555555555556, 0.74
0.17869182020425797, 0.9066666666666666, 0.73
0.16561620369553565, 0.9077777777777778, 0.73
0.16690051406621934, 0.9088888888888889, 0.72
0.1809098282456398, 0.9077777777777778, 0.73
0.17860676676034928, 0.9066666666666666, 0.74
0.181566274613142, 0.9077777777777778, 0.74
0.17223724469542503, 0.9088888888888889, 0.77
0.1648344610631466, 0.9088888888888889, 0.75
0.16427260607481003, 0.9088888888888889, 0.74
0.16402382031083107, 0.9077777777777778, 0.76
0.18167495161294936, 0.9077777777777778, 0.74
0.16991907373070717, 0.9077777777777778, 0.73
0.16655619487166404, 0.9077777777777778, 0.74
0.17372034087777138, 0.9088888888888889, 0.73
0.16844836488366127, 0.9055555555555556, 0.76
0.1778613467514515, 0.9066666666666666, 0.74
0.16955861285328866, 0.9066666666666666, 0.74
0.16818102389574052, 0.91, 0.74
0.1703191564977169, 0.9077777777777778, 0.73
0.17182685777544976, 0.91, 0.74
0.17128533393144607, 0.9077777777777778, 0.73
0.1742948542535305, 0.9066666666666666, 0.73
0.17012781009078026, 0.9077777777777778, 0.73
0.17105822876095772, 0.91, 0.72
0.16796031206846238, 0.9077777777777778, 0.74
0.17715454056859017, 0.9088888888888889, 0.72
0.17278800219297408, 0.91, 0.73
0.16275931149721146, 0.91, 0.72
0.16765962541103363, 0.9077777777777778, 0.74
0.1681295794248581, 0.9088888888888889, 0.73
0.17724783569574357, 0.9077777777777778, 0.75
0.17911574512720108, 0.9066666666666666, 0.75
0.17429617077112197, 0.9066666666666666, 0.74
0.17297418683767318, 0.9066666666666666, 0.75
0.16060553029179572, 0.9077777777777778, 0.72
0.17752435833215713, 0.9088888888888889, 0.73
0.16440454438328744, 0.9088888888888889, 0.75
0.16820052534341812, 0.91, 0.75
0.1667344553768635, 0.9088888888888889, 0.74
0.17310858711600305, 0.9066666666666666, 0.74
0.16768979296088218, 0.9088888888888889, 0.74
0.1681672950088978, 0.91, 0.75
0.16881400793790818, 0.91, 0.73
0.17044377744197844, 0.9088888888888889, 0.74
0.16868362903594972, 0.9088888888888889, 0.74
0.1683094845712185, 0.91, 0.75
0.17188390001654624, 0.9088888888888889, 0.72
0.1755383652448654, 0.9088888888888889, 0.74
0.16810900896787642, 0.9088888888888889, 0.73
0.1676592780649662, 0.9088888888888889, 0.74
0.1643722201883793, 0.9088888888888889, 0.74
0.16052670329809188, 0.9077777777777778, 0.73
0.17451777473092078, 0.9077777777777778, 0.74
0.16764833822846412, 0.9077777777777778, 0.73
0.1628035379946232, 0.9088888888888889, 0.73
0.17731107145547867, 0.91, 0.74
0.18051439821720122, 0.9088888888888889, 0.75
0.16553728505969048, 0.9077777777777778, 0.75
0.1717744278907776, 0.9077777777777778, 0.73
0.17114098459482194, 0.9077777777777778, 0.74
0.1679691778123379, 0.9077777777777778, 0.74
0.16683583334088326, 0.9066666666666666, 0.73
0.17579341992735864, 0.9066666666666666, 0.73
0.17109996020793916, 0.9066666666666666, 0.73
0.169197166711092, 0.9088888888888889, 0.73
0.16479078009724618, 0.9088888888888889, 0.73
0.1628827191889286, 0.9088888888888889, 0.72
0.1736198215186596, 0.9088888888888889, 0.73
0.1698600897192955, 0.9077777777777778, 0.72
0.17532872900366783, 0.9077777777777778, 0.73
0.17205002456903457, 0.9077777777777778, 0.72
0.17845964640378953, 0.9088888888888889, 0.71
0.17069002717733384, 0.9088888888888889, 0.73
0.16993833899497987, 0.9088888888888889, 0.73
0.16932989478111268, 0.9077777777777778, 0.73
0.1723232339322567, 0.9077777777777778, 0.73
0.1676456508040428, 0.9088888888888889, 0.72
0.1686712259054184, 0.9077777777777778, 0.73
0.15794617280364037, 0.9088888888888889, 0.72
0.178460755944252, 0.9077777777777778, 0.73
0.16663241714239121, 0.9077777777777778, 0.72
0.16985531613230706, 0.9077777777777778, 0.73
0.16642239525914193, 0.91, 0.73
0.1679971532523632, 0.9066666666666666, 0.74
0.16757389545440673, 0.9066666666666666, 0.75
0.16735272467136383, 0.9077777777777778, 0.74
0.16745278298854827, 0.9077777777777778, 0.76
0.1708843493461609, 0.9088888888888889, 0.74
0.1703898599743843, 0.9088888888888889, 0.74
0.1599753640592098, 0.9077777777777778, 0.73
0.1708514805138111, 0.9066666666666666, 0.73
0.16299742192029953, 0.9077777777777778, 0.74
0.1710149209201336, 0.9066666666666666, 0.73
0.17084166556596755, 0.91, 0.73
0.1665039297938347, 0.91, 0.72
0.17195428147912026, 0.9088888888888889, 0.72
0.17237563475966453, 0.91, 0.73
0.17154971033334732, 0.91, 0.73
0.16231588333845137, 0.9088888888888889, 0.74
0.16316958457231523, 0.91, 0.74
0.16301395282149314, 0.9088888888888889, 0.74
0.17065567031502724, 0.9077777777777778, 0.74
0.17220442593097687, 0.9077777777777778, 0.74
0.16427840441465377, 0.9077777777777778, 0.73
0.17032414212822913, 0.9088888888888889, 0.74
0.1701543664932251, 0.91, 0.73
0.1583404240012169, 0.91, 0.72
0.16973779752850532, 0.91, 0.72
0.1652248339354992, 0.91, 0.72
0.1721290297806263, 0.91, 0.72
0.16889982104301451, 0.91, 0.73
0.1658626115322113, 0.9088888888888889, 0.73
0.16774583876132965, 0.9066666666666666, 0.74
0.17122933477163316, 0.91, 0.72
0.1681130573153496, 0.9088888888888889, 0.72
0.16980540424585341, 0.9088888888888889, 0.73
0.16664655700325967, 0.9077777777777778, 0.72
0.1574970006942749, 0.9088888888888889, 0.73
0.1676359459757805, 0.9077777777777778, 0.73
0.1725093539059162, 0.9088888888888889, 0.72
0.16001907140016555, 0.91, 0.72
0.17288614556193352, 0.91, 0.72
0.16718883246183394, 0.9088888888888889, 0.72
0.167449514567852, 0.9088888888888889, 0.72
0.16572672829031945, 0.91, 0.72
0.1730951450765133, 0.91, 0.73
0.1805435186624527, 0.9077777777777778, 0.72
0.16988343223929406, 0.9066666666666666, 0.73
0.1670446489751339, 0.9088888888888889, 0.72
0.16264318108558654, 0.9077777777777778, 0.73
0.17388310849666597, 0.9088888888888889, 0.72
0.17228725790977478, 0.9066666666666666, 0.73
0.16927525401115417, 0.9077777777777778, 0.73
0.1633786006271839, 0.9066666666666666, 0.74
0.16542054012417792, 0.9088888888888889, 0.74
0.17450844198465348, 0.9066666666666666, 0.73
