3.9429318499565125, 0.6922222222222222, 0.67
1.442016249895096, 0.62, 0.63
1.0827379709482192, 0.7233333333333334, 0.76
1.254458475112915, 0.6966666666666667, 0.68
0.9990938174724578, 0.7566666666666667, 0.77
0.80092435836792, 0.7422222222222222, 0.74
0.8141708260774613, 0.6877777777777778, 0.68
0.7507455289363861, 0.76, 0.74
0.48187807083129885, 0.7622222222222222, 0.77
0.6653631913661957, 0.7622222222222222, 0.71
0.5307718333601952, 0.7488888888888889, 0.73
0.5117630377411843, 0.7766666666666666, 0.74
0.5096682122349739, 0.7644444444444445, 0.74
0.48431333363056184, 0.7822222222222223, 0.76
0.439098607301712, 0.7888888888888889, 0.73
0.3985884979367256, 0.7911111111111111, 0.7
0.5112012958526612, 0.7933333333333333, 0.72
0.533953737616539, 0.7888888888888889, 0.74
0.4625559788942337, 0.7911111111111111, 0.72
0.46690537393093107, 0.79, 0.72
0.6780069491267204, 0.7177777777777777, 0.67
0.7629222458600998, 0.7122222222222222, 0.72
0.5569656014442443, 0.7566666666666667, 0.79
0.5052812930941581, 0.7644444444444445, 0.69
0.47544002056121826, 0.7911111111111111, 0.72
0.4274961459636688, 0.7822222222222223, 0.72
0.46155034244060517, 0.7922222222222223, 0.73
0.42855166643857956, 0.79, 0.73
0.4258290046453476, 0.8055555555555556, 0.72
0.4031167045235634, 0.7922222222222223, 0.73
0.460387627184391, 0.8077777777777778, 0.75
0.35238678723573685, 0.7988888888888889, 0.72
0.431440178155899, 0.7922222222222223, 0.73
0.41620052605867386, 0.7988888888888889, 0.77
0.4364479872584343, 0.8122222222222222, 0.73
0.3863966569304466, 0.8077777777777778, 0.71
0.4549182477593422, 0.8111111111111111, 0.67
0.35771848887205127, 0.8111111111111111, 0.72
0.40508834302425384, 0.8422222222222222, 0.73
0.3554555007815361, 0.8244444444444444, 0.71
0.3587618881464005, 0.8377777777777777, 0.69
0.36334799975156784, 0.8233333333333334, 0.71
0.34724510461091995, 0.8311111111111111, 0.7
0.3580636203289032, 0.8277777777777777, 0.73
0.37045704752206804, 0.82, 0.72
0.3566072002053261, 0.8377777777777777, 0.69
0.3473050624132156, 0.8444444444444444, 0.7
0.3185376811027527, 0.8166666666666667, 0.72
0.3701094663143158, 0.8211111111111111, 0.73
0.3710742530226707, 0.8433333333333334, 0.68
0.36357161194086074, 0.8488888888888889, 0.67
0.3518283824622631, 0.8511111111111112, 0.69
0.3051951822638512, 0.8444444444444444, 0.72
0.3159306833148003, 0.8433333333333334, 0.74
0.31244768261909484, 0.8477777777777777, 0.73
0.3570218619704246, 0.8422222222222222, 0.75
0.33989340722560885, 0.8411111111111111, 0.73
0.3244132971763611, 0.8388888888888889, 0.74
0.3275904381275177, 0.8555555555555555, 0.72
0.3120924714207649, 0.8655555555555555, 0.71
0.31327286422252654, 0.8533333333333334, 0.72
0.3051504722237587, 0.8666666666666667, 0.7
0.28729605227708815, 0.8733333333333333, 0.75
0.30161475092172624, 0.8644444444444445, 0.76
0.30058756828308103, 0.8677777777777778, 0.69
0.2920952421426773, 0.85, 0.68
0.3120642924308777, 0.8688888888888889, 0.77
0.3117786307632923, 0.8744444444444445, 0.74
0.281168752014637, 0.8644444444444445, 0.72
0.28561574071645734, 0.8688888888888889, 0.73
0.30471581369638445, 0.8766666666666667, 0.71
0.2996413791179657, 0.8655555555555555, 0.71
0.31079491168260576, 0.8722222222222222, 0.74
0.3199234265089035, 0.8622222222222222, 0.77
0.3089204850792885, 0.8733333333333333, 0.73
0.3019230780005455, 0.8766666666666667, 0.75
0.31820595264434814, 0.8655555555555555, 0.72
0.3268116000294685, 0.8677777777777778, 0.74
0.32905686244368554, 0.8711111111111111, 0.72
0.29843269795179367, 0.8733333333333333, 0.74
0.2818068739771843, 0.8677777777777778, 0.72
0.3089419624209404, 0.8777777777777778, 0.72
0.29231625169515607, 0.8766666666666667, 0.73
0.2881950497627258, 0.8866666666666667, 0.73
0.27996173515915873, 0.87, 0.67
0.25978236183524134, 0.8866666666666667, 0.72
0.25728384017944333, 0.8855555555555555, 0.7
0.2885609722137451, 0.8811111111111111, 0.72
0.266449823230505, 0.8822222222222222, 0.71
0.31333564668893815, 0.87, 0.69
0.27185714319348336, 0.8733333333333333, 0.73
0.26636924684047697, 0.8866666666666667, 0.7
0.2449695274233818, 0.8833333333333333, 0.68
0.26551356419920924, 0.8866666666666667, 0.68
0.271761132478714, 0.8844444444444445, 0.65
0.2580950567126274, 0.8922222222222222, 0.68
0.27163501784205435, 0.8888888888888888, 0.71
0.2637054271996021, 0.88, 0.7
0.28804828763008117, 0.8744444444444445, 0.74
0.25512942910194397, 0.8955555555555555, 0.72
0.2201808735728264, 0.9022222222222223, 0.72
0.23910221740603446, 0.8955555555555555, 0.67
0.2304938691854477, 0.8977777777777778, 0.67
0.2552971440553665, 0.9055555555555556, 0.69
0.23245978683233262, 0.8988888888888888, 0.67
0.24722453743219375, 0.9055555555555556, 0.68
0.22102781891822815, 0.9, 0.68
0.21048472702503204, 0.9066666666666666, 0.74
0.2354182256758213, 0.8911111111111111, 0.67
0.24906226649880409, 0.9033333333333333, 0.7
0.2307027904689312, 0.9022222222222223, 0.69
0.2181127278506756, 0.9011111111111111, 0.69
0.23908142402768134, 0.9011111111111111, 0.67
0.2377685122191906, 0.9044444444444445, 0.71
0.22517601028084755, 0.9044444444444445, 0.69
0.23374512255191804, 0.8977777777777778, 0.68
0.22138260439038276, 0.9022222222222223, 0.68
0.23518479898571967, 0.9066666666666666, 0.71
0.2229851546883583, 0.9, 0.7
0.225652846544981, 0.9055555555555556, 0.71
0.21872897937893868, 0.9055555555555556, 0.7
0.23890452295541764, 0.91, 0.69
0.23107431545853616, 0.9088888888888889, 0.73
0.24025056630373, 0.9022222222222223, 0.7
0.22899911805987358, 0.9144444444444444, 0.7
0.2136977379769087, 0.8988888888888888, 0.69
0.2230249561369419, 0.8944444444444445, 0.69
0.22214970037341117, 0.8977777777777778, 0.71
0.2358001884818077, 0.8977777777777778, 0.68
0.22352058336138725, 0.9055555555555556, 0.7
0.22088928684592246, 0.9066666666666666, 0.67
0.23150161355733873, 0.9077777777777778, 0.71
0.2172407403588295, 0.9066666666666666, 0.7
0.21455877721309663, 0.9077777777777778, 0.71
0.20019233874976636, 0.9022222222222223, 0.72
0.2230403971672058, 0.9066666666666666, 0.68
0.215623187571764, 0.9055555555555556, 0.7
0.21107338279485702, 0.9088888888888889, 0.7
0.2209148098528385, 0.91, 0.7
0.21212999805808067, 0.9077777777777778, 0.7
0.21227004155516624, 0.9077777777777778, 0.72
0.21186070546507835, 0.9044444444444445, 0.68
0.19802953958511352, 0.9122222222222223, 0.71
0.20198822826147078, 0.9122222222222223, 0.69
0.2169286775588989, 0.9122222222222223, 0.69
0.22481816723942757, 0.9111111111111111, 0.69
0.22157035619020463, 0.9188888888888889, 0.71
0.2048558846116066, 0.9122222222222223, 0.7
0.20225053511559962, 0.9133333333333333, 0.71
0.19850593350827694, 0.9111111111111111, 0.7
0.19836371004581452, 0.9133333333333333, 0.7
0.2099773246049881, 0.9188888888888889, 0.7
0.1953589642047882, 0.92, 0.68
0.18636565089225768, 0.9188888888888889, 0.71
0.20763633221387864, 0.9155555555555556, 0.71
0.21611132085323334, 0.9188888888888889, 0.69
0.19683454647660256, 0.9222222222222223, 0.69
0.19273845948278903, 0.9166666666666666, 0.68
0.18680165320634842, 0.9177777777777778, 0.71
0.19202968060970307, 0.92, 0.72
0.19298181906342507, 0.9166666666666666, 0.69
0.19517536088824272, 0.9188888888888889, 0.72
0.1987730073928833, 0.9111111111111111, 0.72
0.20855583101511002, 0.92, 0.68
0.19813064604997635, 0.9211111111111111, 0.7
0.19525738269090653, 0.9222222222222223, 0.69
0.1985546325147152, 0.9233333333333333, 0.69
0.20391927920281888, 0.9177777777777778, 0.68
0.198657466173172, 0.9211111111111111, 0.68
0.1844314981997013, 0.9166666666666666, 0.67
0.1891049687564373, 0.9155555555555556, 0.7
0.19507347386330365, 0.92, 0.71
0.18522663533687592, 0.92, 0.7
0.19078730180859566, 0.9177777777777778, 0.71
0.185906133428216, 0.9177777777777778, 0.71
0.18922013506293298, 0.9144444444444444, 0.71
0.1886125285923481, 0.92, 0.69
0.19508775040507317, 0.9211111111111111, 0.69
0.19361729219555854, 0.9133333333333333, 0.68
0.190856803804636, 0.9244444444444444, 0.7
0.20946526974439622, 0.9244444444444444, 0.69
0.2009463483095169, 0.9211111111111111, 0.68
0.20808904215693474, 0.9177777777777778, 0.7
0.1873348194360733, 0.9177777777777778, 0.7
0.20508481115102767, 0.9188888888888889, 0.7
0.18422430098056794, 0.9211111111111111, 0.7
0.20932554811239243, 0.92, 0.7
0.1948838524520397, 0.9155555555555556, 0.74
0.20429183654487132, 0.9188888888888889, 0.69
0.18622633725404739, 0.9166666666666666, 0.69
0.20077085003256798, 0.9233333333333333, 0.69
0.16262762233614922, 0.9188888888888889, 0.69
0.17334311023354532, 0.9222222222222223, 0.71
0.20840152263641357, 0.9144444444444444, 0.73
0.17421596139669418, 0.9133333333333333, 0.7
0.2183007700741291, 0.9211111111111111, 0.71
0.21728621363639833, 0.9233333333333333, 0.72
0.1740681090950966, 0.9233333333333333, 0.7
0.17319289088249207, 0.9277777777777778, 0.7
0.1782426020503044, 0.9266666666666666, 0.71
0.185768930837512, 0.9188888888888889, 0.71
0.18289122737944127, 0.9266666666666666, 0.7
0.18516136586666107, 0.9222222222222223, 0.69
0.18799987383186817, 0.9266666666666666, 0.69
0.18781843535602094, 0.9233333333333333, 0.71
0.1678194833546877, 0.93, 0.7
0.20534225016832353, 0.93, 0.69
0.1903480151295662, 0.9288888888888889, 0.7
0.1798197104036808, 0.9255555555555556, 0.71
0.16413887456059456, 0.9266666666666666, 0.7
0.17600446306169032, 0.9266666666666666, 0.71
0.174992393553257, 0.9311111111111111, 0.7
0.1732288397103548, 0.9255555555555556, 0.71
0.19796042039990425, 0.9277777777777778, 0.7
0.19211487531661986, 0.9266666666666666, 0.7
0.19795532077550887, 0.9311111111111111, 0.71
0.1836525747179985, 0.9288888888888889, 0.71
0.1897207520902157, 0.9255555555555556, 0.7
0.1758875335752964, 0.9288888888888889, 0.69
0.19286081597208976, 0.93, 0.7
0.16243455216288566, 0.9255555555555556, 0.69
0.17020115554332732, 0.9288888888888889, 0.68
0.15143549904227258, 0.9244444444444444, 0.7
0.16575439251959323, 0.9255555555555556, 0.68
0.1885811235010624, 0.9255555555555556, 0.68
0.1695980980992317, 0.93, 0.71
0.1713499568402767, 0.9288888888888889, 0.7
0.18084706827998162, 0.9255555555555556, 0.71
0.18170184686779975, 0.9277777777777778, 0.7
0.1856376302987337, 0.9255555555555556, 0.68
0.171335032209754, 0.9244444444444444, 0.69
0.167403878942132, 0.9277777777777778, 0.7
0.16928826503455638, 0.9266666666666666, 0.7
0.1794781431555748, 0.9277777777777778, 0.7
0.17571125455200673, 0.9277777777777778, 0.72
0.18138268537819385, 0.9288888888888889, 0.7
0.18086660526692866, 0.93, 0.7
0.18296560533344747, 0.9244444444444444, 0.71
0.18829632230103016, 0.93, 0.72
0.1662168998643756, 0.93, 0.7
0.18871759183704853, 0.9233333333333333, 0.7
0.17434900000691414, 0.9288888888888889, 0.72
0.1751340764015913, 0.9266666666666666, 0.7
0.1707539092004299, 0.93, 0.71
0.19585273101925849, 0.9333333333333333, 0.71
0.17876060880720615, 0.93, 0.7
0.1871328443288803, 0.9322222222222222, 0.71
0.18136525854468347, 0.9322222222222222, 0.7
0.1686121030151844, 0.9311111111111111, 0.69
0.17184213623404504, 0.9322222222222222, 0.71
0.154149182215333, 0.9333333333333333, 0.7
0.16501609832048417, 0.9322222222222222, 0.72
0.17389360219240188, 0.9344444444444444, 0.71
0.1727486263215542, 0.9311111111111111, 0.69
0.17740491788834334, 0.9322222222222222, 0.71
0.17676129408180713, 0.9333333333333333, 0.7
0.17069602116942406, 0.9333333333333333, 0.7
0.17913869872689248, 0.9344444444444444, 0.71
0.1757403916120529, 0.9333333333333333, 0.7
0.1526613559573889, 0.9322222222222222, 0.71
0.1743474279344082, 0.9311111111111111, 0.71
0.17899568997323512, 0.9333333333333333, 0.68
0.17368366375565528, 0.9366666666666666, 0.72
0.15780370943248273, 0.9311111111111111, 0.7
0.16731782026588918, 0.9322222222222222, 0.72
0.15177505999803542, 0.9344444444444444, 0.7
0.16803698159754277, 0.9322222222222222, 0.7
0.16632753781974316, 0.9333333333333333, 0.69
0.16214140839874744, 0.9322222222222222, 0.73
0.16245951265096664, 0.9344444444444444, 0.71
0.1816349944472313, 0.9322222222222222, 0.69
0.15936696380376816, 0.93, 0.7
0.17642031043767928, 0.9322222222222222, 0.7
0.1765656316280365, 0.9311111111111111, 0.7
0.15464498996734619, 0.93, 0.69
0.18482906877994537, 0.9311111111111111, 0.72
0.17152847170829774, 0.9355555555555556, 0.7
0.17740804359316825, 0.9322222222222222, 0.7
0.16894171364605426, 0.9322222222222222, 0.71
0.15658045127987863, 0.9344444444444444, 0.71
0.1812041598558426, 0.9344444444444444, 0.7
0.18792501725256444, 0.9322222222222222, 0.72
0.1767546109110117, 0.9266666666666666, 0.7
0.16743934720754625, 0.9288888888888889, 0.72
0.1631455725431442, 0.93, 0.71
0.1735961240530014, 0.9311111111111111, 0.69
0.16742594681680203, 0.9355555555555556, 0.7
0.15938418999314308, 0.9322222222222222, 0.7
0.16506314471364023, 0.9266666666666666, 0.72
0.16799162678420543, 0.9333333333333333, 0.7
0.1635873420536518, 0.9344444444444444, 0.7
0.1885526090860367, 0.9333333333333333, 0.71
0.152927969917655, 0.9311111111111111, 0.71
0.1674026469886303, 0.9322222222222222, 0.7
0.1563536474108696, 0.9333333333333333, 0.72
0.16828410811722277, 0.9355555555555556, 0.7
0.15184215597808362, 0.9333333333333333, 0.69
0.17448946788907052, 0.9344444444444444, 0.69
0.16235960148274897, 0.9344444444444444, 0.7
0.17806466840207577, 0.9355555555555556, 0.71
0.1731047010421753, 0.9344444444444444, 0.7
0.1699562354385853, 0.9322222222222222, 0.69
0.17674537047743796, 0.9344444444444444, 0.68
0.17975914493203163, 0.9333333333333333, 0.7
0.1646410309523344, 0.9355555555555556, 0.69
0.1427328360825777, 0.9355555555555556, 0.69
0.15942531161010265, 0.9333333333333333, 0.7
0.1619825990498066, 0.9355555555555556, 0.69
0.1515997801721096, 0.9355555555555556, 0.69
0.1557371859624982, 0.9355555555555556, 0.7
0.17099137485027313, 0.9366666666666666, 0.7
0.16620710790157317, 0.9377777777777778, 0.69
0.17693925447762013, 0.9344444444444444, 0.69
0.14401767730712892, 0.9333333333333333, 0.7
0.17322730891406535, 0.9355555555555556, 0.7
0.17400417163968085, 0.9355555555555556, 0.7
0.1665237958729267, 0.9344444444444444, 0.69
0.14649139307439327, 0.9333333333333333, 0.71
0.1562356037646532, 0.9333333333333333, 0.71
0.16479446321725846, 0.9344444444444444, 0.7
0.1490199289470911, 0.9344444444444444, 0.7
0.15535036232322455, 0.9344444444444444, 0.7
0.15233523435890675, 0.9377777777777778, 0.7
0.16277435466647147, 0.9366666666666666, 0.71
0.1585995513945818, 0.9377777777777778, 0.69
0.16305177755653857, 0.9366666666666666, 0.7
0.16793107382953168, 0.9377777777777778, 0.68
0.1573708925396204, 0.9366666666666666, 0.69
0.15448176473379135, 0.9366666666666666, 0.69
0.17501249276101588, 0.9355555555555556, 0.71
0.16167326465249063, 0.9322222222222222, 0.69
0.1564036335796118, 0.9377777777777778, 0.7
0.13964137934148313, 0.9366666666666666, 0.7
0.1552420838922262, 0.9366666666666666, 0.69
0.16553588822484017, 0.9277777777777778, 0.69
0.1674845464527607, 0.9366666666666666, 0.7
0.1627221953868866, 0.9288888888888889, 0.71
0.16499392576515676, 0.9333333333333333, 0.69
0.16049808174371719, 0.9344444444444444, 0.7
0.17205158688127994, 0.9366666666666666, 0.69
0.16716644421219826, 0.9322222222222222, 0.7
0.17229068260639907, 0.9322222222222222, 0.7
0.15290106289088726, 0.9344444444444444, 0.71
0.14161235734820365, 0.9355555555555556, 0.69
0.17333384111523628, 0.9377777777777778, 0.7
0.15425210751593113, 0.9311111111111111, 0.7
0.1636353572458029, 0.9377777777777778, 0.7
0.15482398677617312, 0.9366666666666666, 0.7
0.15083668261766434, 0.9355555555555556, 0.7
0.17600223302841186, 0.9355555555555556, 0.7
