1.6366174614429474, 0.6733333333333333, 0.69
0.7970199155807495, 0.7222222222222222, 0.72
0.5489629632234574, 0.7655555555555555, 0.78
0.5029475849866867, 0.7744444444444445, 0.74
0.4878703039884567, 0.7933333333333333, 0.76
0.4587504523992538, 0.7944444444444444, 0.75
0.49485152125358584, 0.8, 0.74
0.4362513464689255, 0.8111111111111111, 0.71
0.435438814163208, 0.8055555555555556, 0.76
0.41159683763980864, 0.8222222222222222, 0.76
0.403245148062706, 0.8066666666666666, 0.73
0.4183127266168594, 0.8377777777777777, 0.75
0.4146862506866455, 0.7977777777777778, 0.72
0.3886664491891861, 0.8455555555555555, 0.72
0.35872854888439176, 0.8511111111111112, 0.71
0.34636935114860534, 0.8444444444444444, 0.75
0.3490641009807587, 0.8533333333333334, 0.7
0.3658268415927887, 0.8555555555555555, 0.75
0.3604209989309311, 0.87, 0.74
0.33814101070165636, 0.8633333333333333, 0.72
0.323091085255146, 0.8544444444444445, 0.69
0.31978639632463457, 0.8511111111111112, 0.7
0.3172514194250107, 0.8644444444444445, 0.72
0.3079443696141243, 0.8633333333333333, 0.71
0.2988304752111435, 0.8766666666666667, 0.7
0.33233625680208206, 0.86, 0.74
0.3084187963604927, 0.8811111111111111, 0.69
0.3123915272951126, 0.8766666666666667, 0.69
0.334731370806694, 0.8433333333333334, 0.68
0.8281741297245026, 0.8144444444444444, 0.75
0.4529516339302063, 0.8366666666666667, 0.76
0.3995122265815735, 0.8477777777777777, 0.71
0.35804741114377975, 0.8744444444444445, 0.73
0.3862620469927788, 0.8622222222222222, 0.72
0.3084313681721687, 0.8788888888888889, 0.74
0.34444613963365556, 0.8777777777777778, 0.72
0.2897845396399498, 0.8811111111111111, 0.73
0.2762599724531174, 0.8755555555555555, 0.68
0.28863998293876647, 0.86, 0.69
0.28995340019464494, 0.8955555555555555, 0.68
0.268631574511528, 0.8922222222222222, 0.72
0.2935445487499237, 0.8877777777777778, 0.72
0.2681791570782661, 0.9033333333333333, 0.69
0.26815730065107346, 0.8822222222222222, 0.74
0.2833245810866356, 0.8766666666666667, 0.76
0.28854290425777435, 0.9, 0.72
0.251614528298378, 0.91, 0.74
0.25034349262714384, 0.9088888888888889, 0.71
0.2543648386001587, 0.8877777777777778, 0.72
0.2417927524447441, 0.9133333333333333, 0.74
0.22450091779232026, 0.9122222222222223, 0.72
0.2124939727783203, 0.9222222222222223, 0.71
0.21070121765136718, 0.9288888888888889, 0.71
0.204058518409729, 0.9244444444444444, 0.71
0.2154758620262146, 0.9188888888888889, 0.75
0.20945403277873992, 0.93, 0.71
0.2307489812374115, 0.9288888888888889, 0.73
0.1995530954003334, 0.9288888888888889, 0.73
0.22098456293344498, 0.9155555555555556, 0.74
0.20258264601230622, 0.9166666666666666, 0.73
0.20004341155290603, 0.93, 0.69
0.2051010772585869, 0.9244444444444444, 0.7
0.22444360733032226, 0.9344444444444444, 0.72
0.21760579481720924, 0.9311111111111111, 0.73
0.20684527605772018, 0.9344444444444444, 0.7
0.21460261136293413, 0.9255555555555556, 0.68
0.19589039102196693, 0.9311111111111111, 0.71
0.19295771151781083, 0.9177777777777778, 0.74
0.19899404138326646, 0.9311111111111111, 0.72
0.81171982973814, 0.9144444444444444, 0.69
0.2579867258667946, 0.9233333333333333, 0.68
0.23231518834829332, 0.9077777777777778, 0.67
0.21350971460342408, 0.93, 0.73
0.20980104744434358, 0.93, 0.7
0.200448961853981, 0.9277777777777778, 0.7
0.20669791027903556, 0.8988888888888888, 0.65
0.19596582353115083, 0.9288888888888889, 0.72
0.19383771374821662, 0.9244444444444444, 0.72
0.22793885290622712, 0.9211111111111111, 0.7
0.1927482968568802, 0.93, 0.7
0.19330602556467055, 0.9344444444444444, 0.71
0.18373670265078546, 0.9322222222222222, 0.71
0.18363778322935104, 0.93, 0.7
0.18567251145839692, 0.9366666666666666, 0.7
0.1791668502986431, 0.9311111111111111, 0.7
0.20268693327903747, 0.93, 0.68
0.17468545451760292, 0.9311111111111111, 0.69
0.19015238523483277, 0.9266666666666666, 0.71
0.18748706415295602, 0.9333333333333333, 0.7
0.1883488567173481, 0.94, 0.72
0.18599190473556518, 0.9255555555555556, 0.71
0.20968372985720635, 0.9255555555555556, 0.7
0.42086485147476194, 0.93, 0.71
0.20844221368432045, 0.92, 0.68
0.45697896406054495, 0.9122222222222223, 0.69
0.20291600227355958, 0.9288888888888889, 0.7
0.18443846434354783, 0.9333333333333333, 0.74
0.18071703761816024, 0.9322222222222222, 0.7
0.17558154463768005, 0.9355555555555556, 0.75
0.16058834671974181, 0.9388888888888889, 0.71
0.1469870948791504, 0.9333333333333333, 0.7
0.16902872696518897, 0.9377777777777778, 0.71
0.1477116087079048, 0.9411111111111111, 0.7
0.1591871176660061, 0.9388888888888889, 0.71
0.15336351245641708, 0.94, 0.72
0.2787110911309719, 0.9388888888888889, 0.73
0.15165455818176268, 0.9344444444444444, 0.71
0.15649292558431627, 0.9377777777777778, 0.7
0.15500030428171158, 0.9388888888888889, 0.71
0.14264655128121376, 0.9388888888888889, 0.7
0.15066401809453964, 0.9377777777777778, 0.7
0.1726551628112793, 0.9388888888888889, 0.7
0.15336803674697877, 0.9411111111111111, 0.68
0.14724500060081483, 0.94, 0.7
0.14634495094418526, 0.9411111111111111, 0.71
0.17272480800747872, 0.94, 0.71
0.14818376868963243, 0.9388888888888889, 0.69
0.14194666042923929, 0.9388888888888889, 0.71
0.14301048293709756, 0.94, 0.73
0.1533934912085533, 0.9411111111111111, 0.71
0.14884633362293243, 0.9388888888888889, 0.69
0.13875744193792344, 0.9422222222222222, 0.71
0.14436598151922225, 0.9366666666666666, 0.7
0.14480423793196678, 0.9388888888888889, 0.7
0.14503224566578865, 0.94, 0.71
0.14981267377734184, 0.9411111111111111, 0.7
0.15538771197199822, 0.9355555555555556, 0.71
0.1523135168850422, 0.9411111111111111, 0.7
0.1503259174525738, 0.94, 0.71
0.15414770543575287, 0.9411111111111111, 0.72
0.14315597280859949, 0.9444444444444444, 0.72
0.14249042868614198, 0.9422222222222222, 0.7
0.14036038547754287, 0.94, 0.71
0.15053199231624603, 0.94, 0.72
0.1498665603995323, 0.94, 0.72
0.14303565427660941, 0.9433333333333334, 0.72
0.14340661570429802, 0.9433333333333334, 0.73
0.14300546139478684, 0.94, 0.73
0.14258477985858917, 0.9433333333333334, 0.71
0.14460225969552995, 0.9433333333333334, 0.73
0.14007344201207161, 0.9388888888888889, 0.72
0.13308524385094642, 0.9444444444444444, 0.72
0.12849954403936864, 0.9455555555555556, 0.72
0.16006649762392045, 0.9355555555555556, 0.72
0.135317362844944, 0.9377777777777778, 0.74
0.1464844211935997, 0.9388888888888889, 0.72
0.13656978622078897, 0.9422222222222222, 0.71
0.1375295576453209, 0.9444444444444444, 0.7
0.1387101876735687, 0.9444444444444444, 0.72
0.13015540167689324, 0.9433333333333334, 0.72
0.12972893804311753, 0.9433333333333334, 0.73
0.12817473515868186, 0.9433333333333334, 0.73
0.13181848153471948, 0.9466666666666667, 0.73
0.1312315794825554, 0.9433333333333334, 0.72
0.12903249338269235, 0.9455555555555556, 0.73
0.13033632963895797, 0.9411111111111111, 0.73
0.12261908352375031, 0.9477777777777778, 0.7
0.12304389089345932, 0.9477777777777778, 0.72
0.12522133626043797, 0.9477777777777778, 0.71
0.12393014878034592, 0.9488888888888889, 0.73
0.12856584936380386, 0.9455555555555556, 0.7
0.12823622539639473, 0.9466666666666667, 0.7
0.1281438772380352, 0.9455555555555556, 0.73
0.1280544136464596, 0.9444444444444444, 0.71
0.1272439056634903, 0.9433333333333334, 0.71
0.13326333194971085, 0.9455555555555556, 0.7
0.12673504941165448, 0.9444444444444444, 0.72
0.12745793730020524, 0.9444444444444444, 0.71
0.12675505608320237, 0.9488888888888889, 0.72
0.12410188794136047, 0.9466666666666667, 0.73
0.13398634329438208, 0.9444444444444444, 0.71
0.12021364577114582, 0.9477777777777778, 0.72
0.12431588426232337, 0.9422222222222222, 0.71
0.11922691345214843, 0.9477777777777778, 0.73
0.1332440848648548, 0.9455555555555556, 0.71
0.1297023506462574, 0.9488888888888889, 0.72
0.12415140144526958, 0.9466666666666667, 0.71
0.12131092637777328, 0.9455555555555556, 0.72
0.1277951654791832, 0.9444444444444444, 0.72
0.12768189586699008, 0.9444444444444444, 0.72
0.12953180313110352, 0.9466666666666667, 0.71
0.12179670080542565, 0.9488888888888889, 0.71
0.12813370004296304, 0.9455555555555556, 0.7
0.1179095198214054, 0.9466666666666667, 0.71
0.12170867711305618, 0.9466666666666667, 0.69
0.11738753244280815, 0.9477777777777778, 0.7
0.12802381530404092, 0.9433333333333334, 0.7
0.12834529116749763, 0.9411111111111111, 0.72
0.12809571921825408, 0.9422222222222222, 0.69
0.11977661207318306, 0.9455555555555556, 0.69
0.12031094662845135, 0.9455555555555556, 0.7
0.11692855045199395, 0.9488888888888889, 0.71
0.11627090215682984, 0.9466666666666667, 0.71
0.12014133051037788, 0.9444444444444444, 0.7
0.11954907588660717, 0.9444444444444444, 0.7
0.12095253244042396, 0.9466666666666667, 0.72
0.1385076928138733, 0.9444444444444444, 0.72
0.11409669004380703, 0.9455555555555556, 0.7
0.13193306982517242, 0.9433333333333334, 0.7
0.11732312813401222, 0.9466666666666667, 0.71
0.12048784628510475, 0.9488888888888889, 0.7
0.11917031466960908, 0.9488888888888889, 0.72
0.12420965492725372, 0.9488888888888889, 0.71
0.12076448142528534, 0.9466666666666667, 0.7
0.11292316533625125, 0.9488888888888889, 0.7
0.10745100475847721, 0.9488888888888889, 0.71
0.11982821598649025, 0.9466666666666667, 0.72
0.11697773337364196, 0.9466666666666667, 0.7
0.114185259193182, 0.9488888888888889, 0.71
0.10995442375540733, 0.9466666666666667, 0.71
0.10636635921895504, 0.9488888888888889, 0.72
0.11459016889333724, 0.9455555555555556, 0.7
0.11124283604323865, 0.9477777777777778, 0.71
0.1107585509121418, 0.9455555555555556, 0.7
0.12469435296952724, 0.9488888888888889, 0.72
0.11437683641910552, 0.9477777777777778, 0.7
0.11291318640112877, 0.9455555555555556, 0.71
0.11770562618970871, 0.9466666666666667, 0.72
0.121215900182724, 0.9455555555555556, 0.71
0.1218067654967308, 0.9477777777777778, 0.71
0.10579961240291595, 0.9477777777777778, 0.7
0.10935564428567886, 0.9488888888888889, 0.69
0.11401458732783794, 0.9466666666666667, 0.7
0.10827288001775742, 0.9466666666666667, 0.7
0.11853760093450547, 0.9455555555555556, 0.7
0.11472731858491897, 0.9477777777777778, 0.7
0.10704222455620765, 0.9466666666666667, 0.7
0.1107443256676197, 0.9477777777777778, 0.7
0.1115368813276291, 0.95, 0.71
0.1162173943221569, 0.9477777777777778, 0.71
0.11867235332727433, 0.9477777777777778, 0.7
0.11127883598208427, 0.9477777777777778, 0.71
0.10614162527024745, 0.9455555555555556, 0.7
0.11480691194534302, 0.9466666666666667, 0.71
0.11662470996379852, 0.9477777777777778, 0.71
0.11665897965431213, 0.9466666666666667, 0.69
0.12010129570960998, 0.9466666666666667, 0.71
0.11316054493188858, 0.9455555555555556, 0.71
0.11440568804740905, 0.9477777777777778, 0.7
0.12222947537899018, 0.9466666666666667, 0.71
0.7992764207720756, 0.9488888888888889, 0.71
0.10720102295279503, 0.95, 0.7
0.11269491359591484, 0.9466666666666667, 0.71
0.11331992611289024, 0.9488888888888889, 0.71
0.1170261912792921, 0.9477777777777778, 0.69
0.11503965333104134, 0.9477777777777778, 0.72
0.11849325507879258, 0.9466666666666667, 0.67
0.12255140781402588, 0.9466666666666667, 0.69
0.10617165565490723, 0.9488888888888889, 0.71
0.11507889866828919, 0.9477777777777778, 0.7
0.10555908784270286, 0.9488888888888889, 0.71
0.11171231999993324, 0.9477777777777778, 0.7
0.10887334637343883, 0.9477777777777778, 0.69
0.1046302629262209, 0.9477777777777778, 0.72
0.11055286809802055, 0.9466666666666667, 0.72
0.11226454704999923, 0.9466666666666667, 0.69
0.11047818347811698, 0.9466666666666667, 0.69
0.11065131902694703, 0.9466666666666667, 0.7
0.11068920716643334, 0.9477777777777778, 0.7
0.10715654641389846, 0.9466666666666667, 0.68
0.11214774429798126, 0.9455555555555556, 0.68
0.10629226632416248, 0.9466666666666667, 0.67
0.10866932637989521, 0.9477777777777778, 0.66
0.10646569401025772, 0.9488888888888889, 0.69
0.11025832429528236, 0.9488888888888889, 0.7
0.11000916942954063, 0.9466666666666667, 0.68
0.11404541730880738, 0.9455555555555556, 0.7
0.11015230521559716, 0.9466666666666667, 0.7
0.10050022214651108, 0.9477777777777778, 0.71
0.10709894478321075, 0.9488888888888889, 0.69
0.11212579116225242, 0.9477777777777778, 0.72
0.10325723648071289, 0.9466666666666667, 0.69
0.11016474284231663, 0.9477777777777778, 0.69
0.11653169244527817, 0.9477777777777778, 0.69
0.29463502526283264, 0.9477777777777778, 0.69
0.10212480068206788, 0.9488888888888889, 0.69
0.1184934452176094, 0.9477777777777778, 0.7
0.11260367974638939, 0.9466666666666667, 0.7
0.10759024828672409, 0.9477777777777778, 0.71
0.11015590406954288, 0.9477777777777778, 0.7
0.1071399336308241, 0.95, 0.69
0.11133992277085782, 0.95, 0.69
0.1115072275698185, 0.95, 0.69
0.11483878597617149, 0.9477777777777778, 0.68
0.10843319341540336, 0.9455555555555556, 0.7
0.11607123717665672, 0.9477777777777778, 0.71
0.11149492293596268, 0.9455555555555556, 0.7
0.11177856996655464, 0.9477777777777778, 0.7
0.10319534108042717, 0.9466666666666667, 0.71
0.11223987378180027, 0.9477777777777778, 0.69
0.10676989011466503, 0.9488888888888889, 0.7
0.10975141540169715, 0.9488888888888889, 0.72
0.10397600278258323, 0.9488888888888889, 0.69
0.11465655282139778, 0.9477777777777778, 0.7
0.10329682618379593, 0.9488888888888889, 0.7
0.10849144250154495, 0.9488888888888889, 0.71
0.10190565064549446, 0.9466666666666667, 0.7
0.11061176970601082, 0.9488888888888889, 0.7
0.10749810233712197, 0.9488888888888889, 0.69
0.11197270676493645, 0.9488888888888889, 0.71
0.1053507237136364, 0.9477777777777778, 0.69
0.1082419715076685, 0.9455555555555556, 0.69
0.1105582618713379, 0.9466666666666667, 0.71
0.10420269481837749, 0.9477777777777778, 0.71
0.10884867243468761, 0.9477777777777778, 0.7
0.10501104779541492, 0.9477777777777778, 0.69
0.10337078355252743, 0.9466666666666667, 0.69
0.10729270368814468, 0.9488888888888889, 0.69
0.10704419404268264, 0.9488888888888889, 0.69
0.10789109192788601, 0.9477777777777778, 0.69
0.10549519300460815, 0.9477777777777778, 0.69
0.0996896955370903, 0.9488888888888889, 0.7
0.1088760482519865, 0.9477777777777778, 0.69
0.1567803829908371, 0.9477777777777778, 0.7
0.10164310991764068, 0.9466666666666667, 0.7
0.1094167323410511, 0.9466666666666667, 0.7
0.10681821465492249, 0.9466666666666667, 0.69
0.10631416969001294, 0.9466666666666667, 0.72
0.10849425256252289, 0.9477777777777778, 0.68
0.1078043207526207, 0.9477777777777778, 0.7
0.10297753535211086, 0.9466666666666667, 0.69
0.10669086158275604, 0.9477777777777778, 0.71
0.10747196510434151, 0.9466666666666667, 0.71
0.10930737376213073, 0.9455555555555556, 0.7
0.10601158134639263, 0.9477777777777778, 0.71
0.107239780575037, 0.9488888888888889, 0.71
0.10582292206585407, 0.9488888888888889, 0.7
0.10550367653369903, 0.9477777777777778, 0.72
0.1047632821649313, 0.9488888888888889, 0.69
0.10904056563973427, 0.9488888888888889, 0.71
0.1056989999115467, 0.9477777777777778, 0.71
0.10434434808790684, 0.95, 0.7
0.10736531041562557, 0.9477777777777778, 0.7
0.10561294876039028, 0.9477777777777778, 0.7
0.10262150265276432, 0.9488888888888889, 0.7
0.11000369243323803, 0.9477777777777778, 0.7
0.1068097173422575, 0.9466666666666667, 0.69
0.10591928906738758, 0.9477777777777778, 0.7
0.11039392359554767, 0.9477777777777778, 0.7
0.11412727862596511, 0.9466666666666667, 0.69
0.11465028956532479, 0.9477777777777778, 0.69
0.11000488638877869, 0.9488888888888889, 0.68
0.10658126629889011, 0.9477777777777778, 0.69
0.1079998679459095, 0.9488888888888889, 0.69
0.11116225689649582, 0.9488888888888889, 0.71
0.12194849953055381, 0.9477777777777778, 0.7
0.10527330540120601, 0.9477777777777778, 0.69
0.10448648042976856, 0.9477777777777778, 0.69
0.10581915527582168, 0.9477777777777778, 0.69
0.11058752238750458, 0.9488888888888889, 0.7
